34 34 15 10 8 0
24 0 43 11 37 -11
40 5 3 41 3 7
-2 21 -8 9 19 30
-5 43 -5 18 22 11
1 38 32 38 6 41
31 10 5 35 26 20
6 0 23 25 23 19
16 28 18 21 -6 21
17 16 12 11 14 35
26 -5 -2 -9 19 -10
37 6 -4 -10 0 0
36 -9 13 16 -4 5
-11 -3 -9 7 45 44
-8 25 24 45 29 14
17 -16 0 -8 20 15
45 6 -7 -1 -7 24
-9 3 45 16 35 37
40 40 16 11 48 -10
14 47 21 -8 20 26
19 23 -3 7 -5 -12
7 22 6 12 17 28
13 11 2 -9 33 13
-10 -6 3 -8 2 -3
27 32 0 20 5 12
17 6 10 25 29 45
5 36 13 28 32 7
28 31 31 36 -9 13
5 33 -2 22 4 27
-3 3 44 27 44 28
25 17 25 23 -1 -6
36 23 22 0 32 -3
-3 13 10 20 3 23
20 1 13 5 37 2
6 -17 22 39 11 10
-9 -8 14 40 16 14
37 -1 10 22 11 39
25 26 41 14 12 6
15 15 -3 14 7 -7
4 -7 5 19 25 5
26 8 13 18 21 23
0 7 36 40 14 -14
24 0 4 3 36 35
29 3 -13 -10 8 27
-11 3 3 19 6 -9
2 39 5 7 19 12
18 -10 9 9 26 18
44 5 1 34 14 24
-3 31 1 20 -8 -2
29 4 -4 9 7 21
-7 26 4 11 12 2
-18 28 29 23 -7 21
4 31 12 -10 40 -6
6 -1 33 27 13 8
5 -3 8 32 25 38
35 -11 1 26 16 37
13 -6 17 25 33 4
16 29 -1 -16 12 1
23 23 12 23 19 38
30 1 18 3 -1 39
12 6 37 6 -5 6
1 41 26 17 -2 33
28 17 14 35 15 37
8 -2 20 -5 17 -2
16 -9 10 25 39 26
6 48 36 8 3 -4
36 46 30 41 33 29
17 -6 16 4 1 29
12 6 4 33 19 12
12 26 36 20 14 -1
14 12 -1 35 0 -6
18 17 4 29 14 31
30 -2 30 4 6 19
-11 -13 44 4 1 0
0 -15 7 -13 34 1
31 19 24 -1 22 9
-11 18 44 -8 22 39
4 27 -3 7 -4 6
28 8 17 2 -10 11
4 18 25 20 15 0
-4 -8 15 15 -3 5
31 20 24 28 16 13
26 -12 13 17 -18 -4
36 7 9 25 16 10
10 9 27 34 19 17
-6 -11 23 43 12 -2
16 0 19 26 5 18
27 34 -1 0 29 17
21 18 33 0 35 12
-9 20 -1 6 34 32
29 -5 38 42 9 -6
32 0 5 19 1 17
6 44 -1 20 3 -3
13 -3 42 8 29 35
10 6 7 24 1 5
7 40 27 -13 15 21
19 27 10 32 30 33
34 4 0 26 -11 -12
20 34 49 5 32 32
14 0 6 6 8 29
9 32 38 14 -3 12
8 5 -2 21 41 20
-13 -4 21 15 18 -10
34 29 19 3 16 5
-7 5 -5 -2 1 39
16 5 25 -8 46 31
15 25 21 2 9 16
35 18 18 29 19 7
43 21 15 35 -4 3
3 21 30 -9 17 -9
28 18 8 0 22 12
-1 10 18 13 37 34
14 12 32 14 19 12
-17 13 27 32 14 33
15 12 37 -3 -4 7
-3 -11 24 0 30 33
22 16 33 1 -9 25
24 -7 30 -4 35 27
-3 34 14 39 4 12
11 41 -6 28 12 27
33 44 15 29 -9 -4
23 26 35 29 1 9
4 10 3 10 38 9
9 0 12 22 9 24
13 32 11 18 -4 10
4 1 -9 -4 -5 -15
36 36 33 23 -4 39
46 3 6 30 10 11
17 -2 16 12 -16 29
35 19 15 3 28 14
-5 38 10 13 13 7
33 26 32 28 25 31
-3 19 13 10 12 10
28 4 35 16 -9 28
12 -5 39 20 9 24
-14 3 -6 2 7 37
10 -3 14 -14 45 0
17 41 1 45 6 43
3 12 -9 11 7 35
-9 47 8 -1 -8 2
3 6 9 -13 24 39
38 13 19 25 37 16
10 39 4 -5 -12 42
15 29 6 21 5 1
2 22 12 11 8 44
17 10 8 10 18 24
33 29 3 13 -9 5
18 7 21 16 13 25
30 -4 46 39 36 26
-1 42 -1 19 24 13
16 3 43 22 -2 7
-3 18 18 26 -4 21
1 5 14 0 13 -7
-10 5 23 33 14 45
8 24 -5 34 11 47
23 -7 -1 33 23 -1
16 -4 3 41 19 4
10 3 -10 16 4 3
10 -6 10 -11 24 35
0 6 14 4 -2 9
-2 37 10 23 19 28
16 11 24 -13 23 -3
21 25 16 33 7 -4
0 5 4 43 29 34
19 24 -2 36 -6 35
18 -2 16 16 -5 39
1 0 25 27 -6 15
27 34 25 1 7 23
17 9 24 32 -11 -9
35 18 -1 16 23 8
28 33 0 19 13 29
15 26 1 7 29 2
26 -9 9 31 36 18
20 9 25 -8 26 11
32 21 30 12 -2 7
26 0 14 14 37 4
27 31 38 29 34 -5
1 31 24 13 6 -3
16 25 1 -9 11 39
-8 27 38 18 37 6
-15 46 23 37 4 1
1 29 4 -5 41 38
23 -19 11 20 23 19
-14 18 20 37 -13 11
1 37 1 -16 27 23
-6 7 27 9 25 20
25 34 14 17 4 6
19 9 -7 -5 -12 39
40 31 12 -11 9 36
1 45 -17 0 14 -1
-2 29 31 13 0 28
7 29 18 31 0 10
9 35 21 5 41 44
27 18 -7 17 27 18
7 37 21 -7 5 6
27 24 16 41 2 38
-10 -2 23 37 13 -8
39 -4 1 -8 23 7
24 26 18 -15 38 29
13 32 7 48 33 17
4 45 28 2 11 6
-2 -5 0 25 15 35
11 30 34 29 36 9
31 22 38 4 39 17
20 17 -3 28 3 -2
-5 19 35 39 19 4
24 -15 9 -12 21 0
47 14 19 36 4 30
11 35 -8 34 25 -6
4 26 25 19 10 27
37 25 20 5 27 5
14 23 9 33 27 14
-5 15 43 7 11 19
3 5 32 43 16 21
24 25 33 23 9 12
45 5 22 33 26 3
9 37 23 12 23 -1
10 33 18 30 39 25
3 35 8 6 37 8
13 26 -1 -12 -12 42
21 9 20 11 17 18
25 -9 18 -4 38 7
10 23 -6 23 16 24
24 18 17 31 -5 1
35 14 38 1 36 23
-4 14 18 24 13 37
46 1 -2 -3 25 -2
32 33 42 11 25 24
2 19 5 1 -2 28
17 3 0 21 31 1
5 31 -14 30 5 17
31 16 22 31 -9 1
15 39 37 3 -11 -1
7 33 14 33 21 22
33 19 -3 -6 3 28
25 29 26 -2 33 8
31 8 14 -4 3 20
4 3 33 14 12 9
34 9 0 3 -1 -12
-11 7 26 38 23 30
8 -2 30 -3 19 18
36 7 31 29 0 1
39 41 12 3 44 29
15 -4 28 3 26 33
13 24 4 26 22 -4
14 3 -6 -8 21 30
25 23 42 -5 27 28
-1 2 -10 13 -16 -15
17 -3 -8 -4 -9 37
13 8 13 3 25 28
2 30 -12 12 19 16
25 3 -8 3 -12 -5
30 5 26 23 -5 -14
5 25 17 36 31 3
44 23 7 40 7 -7
-8 -2 39 -12 11 37
40 13 -11 14 38 10
17 42 -18 12 25 16
34 15 18 -3 17 42
27 43 -6 8 14 26
34 26 34 34 0 24
-3 32 10 31 24 28
16 -6 20 37 20 41
27 6 19 24 -6 13
12 35 3 11 45 -5
28 0 -2 14 -8 12
0 14 2 1 23 27
35 4 28 47 16 -2
31 -9 -1 10 35 18
18 31 15 -1 29 16
20 38 31 15 11 31
42 10 -1 27 23 -19
12 24 42 6 28 1
-2 17 17 12 11 1
27 22 43 11 15 1
10 16 -1 34 -1 35
12 15 42 31 10 21
36 34 -7 9 26 14
30 28 17 20 -12 30
10 29 40 7 27 31
33 21 -18 35 11 36
9 -2 27 -7 38 10
25 12 26 6 20 15
35 42 21 23 2 9
14 14 -4 11 20 16
19 41 12 26 10 31
34 31 38 39 29 35
1 1 2 27 -1 -1
33 31 -5 17 -9 45
36 17 -3 1 -2 8
31 35 -3 1 41 36
19 -9 28 20 -11 12
-4 0 18 21 25 -2
23 -12 13 6 14 16
23 -16 0 22 6 8
6 22 35 0 -16 37
28 19 22 49 37 6
2 34 24 2 -5 -7
16 -1 -7 25 18 -1
23 26 23 3 3 -5
23 -2 21 40 0 32
37 1 29 -8 24 -4
16 8 10 29 33 48
16 -6 33 2 5 -2
30 10 -10 22 10 16
8 12 2 -8 -1 34
9 45 -17 11 14 -11
-12 22 28 22 9 -3
36 13 25 -1 -10 -1
5 -1 33 -3 34 35
29 6 -4 8 20 19
33 12 19 3 38 27
35 35 7 12 21 36
36 6 27 12 4 19
11 -4 27 31 39 22
1 -11 35 -6 28 -8
7 10 28 10 33 39
4 17 24 28 -4 -3
2 8 11 -3 5 28
-2 -17 -1 3 30 12
-2 23 35 -13 11 27
43 46 -13 27 15 26
16 11 24 19 26 -2
18 -4 8 8 11 -5
34 21 -1 -3 23 3
-2 22 38 44 26 29
4 9 32 27 1 -4
2 15 44 18 19 -13
40 4 2 -17 13 20
-12 -4 19 23 41 -9
-5 -1 39 -1 15 21
40 16 36 14 -10 33
-15 35 6 15 -2 -10
24 15 0 33 -9 -2
8 24 28 12 17 42
-1 23 23 36 8 -16
13 -3 0 15 6 -12
6 25 5 24 7 20
4 2 41 25 46 45
0 24 15 0 -14 22
2 30 -4 0 37 25
38 -9 6 -8 30 20
32 -3 -2 22 9 35
12 1 3 34 22 -7
26 41 17 41 31 39
-12 2 38 16 13 -8
-6 -2 21 6 6 -14
25 15 -4 21 22 24
24 9 -8 21 21 11
-6 3 42 4 22 23
26 35 11 24 8 -1
-4 -12 -1 20 -2 13
2 14 -15 38 -2 36
44 38 9 -11 5 10
38 23 10 29 28 41
4 10 10 27 26 17
21 26 17 24 -2 32
20 43 1 8 28 3
37 10 40 -5 46 -3
-2 27 -3 6 9 37
0 34 18 17 15 10
19 29 13 39 0 19
22 30 8 -4 -8 -16
1 21 10 -5 16 34
0 3 -1 21 34 0
6 7 2 22 19 8
28 -1 -5 28 22 14
12 14 -2 32 20 0
11 32 -4 4 33 11
10 13 30 17 -4 18
3 3 29 -3 -8 27
9 0 -2 27 9 -5
14 42 8 13 33 4
31 35 -7 19 28 32
40 3 -16 1 11 12
1 40 17 -6 23 29
0 36 10 6 31 19
10 48 18 9 2 6
18 21 -1 -8 -1 -10
35 8 34 27 18 -2
4 2 31 9 16 35
11 27 12 -4 29 7
8 18 18 -10 -4 15
38 13 40 30 9 3
-6 13 1 5 21 20
4 23 11 34 14 39
9 29 5 35 2 9
13 28 26 10 20 -7
-5 16 18 -1 14 0
-11 16 26 7 8 -9
17 30 12 -4 26 4
-12 49 42 14 3 31
33 34 -13 1 1 -3
9 15 25 38 1 32
12 -1 30 -7 4 -5
0 9 28 3 24 44
40 -8 16 11 14 16
27 23 -2 14 11 -1
24 28 10 26 15 3
31 -1 42 -7 30 -1
-8 16 40 25 2 4
28 28 16 -8 18 -2
-7 2 -4 29 4 5
3 20 13 25 -4 29
13 21 39 18 26 -3
39 -12 27 -17 0 25
32 1 4 -14 27 -8
39 12 8 6 38 -5
20 25 11 21 -1 -6
13 5 36 14 13 -9
14 18 9 42 21 39
-9 3 27 28 -8 9
9 36 25 33 35 8
-7 30 35 4 22 36
-7 31 15 14 -18 -12
13 -2 32 11 -4 9
25 13 25 0 24 31
-10 33 24 -12 9 20
25 9 -4 29 4 21
41 8 22 26 14 22
17 27 35 -8 2 32
39 22 22 20 6 8
25 21 24 9 35 16
30 11 25 8 33 1
14 -10 16 4 9 21
20 28 -4 21 21 -2
38 30 34 33 5 27
-9 -4 1 -10 40 34
21 13 -3 -6 0 -10
22 37 24 8 26 20
22 16 -7 40 -9 11
15 14 1 31 22 8
14 -6 6 34 21 32
34 34 5 12 32 38
24 -12 18 30 19 29
42 15 10 15 15 30
-5 5 42 2 27 5
24 9 14 21 5 -8
43 11 16 21 11 6
-6 -7 22 8 -4 5
36 16 9 32 17 2
6 -1 42 26 3 2
25 5 42 23 34 43
31 20 11 -6 3 35
28 34 23 41 18 -9
33 -3 6 32 14 -8
6 7 8 3 0 14
23 10 23 17 35 4
33 2 45 -12 21 7
10 10 18 5 -10 39
7 24 34 31 34 13
-8 7 -8 -2 -7 20
15 14 15 26 33 21
20 14 5 -1 14 16
-18 6 17 9 32 -2
38 8 17 1 6 8
27 2 -2 11 11 10
9 43 4 15 14 27
25 -9 -1 40 -4 14
18 27 45 -12 -14 17
32 0 21 28 36 3
34 21 0 22 9 -11
26 6 32 -12 17 22
19 11 2 32 11 32
18 25 -6 30 10 17
25 36 12 -4 -17 13
-15 20 -3 21 6 17
45 33 7 1 -2 4
1 37 28 19 -15 2
-8 29 5 38 26 39
10 42 28 -7 30 15
37 44 26 -11 -3 37
38 23 23 32 11 42
29 43 8 11 34 -12
34 6 28 21 -5 -16
5 39 18 9 -7 -10
-8 -8 14 -8 5 2
41 6 23 16 14 -2
-3 -2 16 13 1 33
28 25 24 20 -8 23
26 -14 43 33 30 29
23 42 29 -7 23 18
16 -8 39 27 32 39
-13 -14 -8 26 13 20
-3 22 38 5 -6 3
32 -7 36 12 28 33
43 46 -9 4 4 3
23 13 4 19 32 17
-1 -12 6 33 27 6
-9 17 10 4 -6 17
-5 10 -3 18 9 41
9 10 26 9 38 8
19 9 8 12 3 31
37 35 -2 34 -3 16
6 34 37 42 38 3
18 37 0 25 27 -12
13 9 24 13 21 30
9 21 6 21 34 23
36 -4 -7 18 -13 37
10 13 16 38 5 12
12 1 39 3 6 25
14 6 18 11 13 32
6 12 29 1 -12 1
34 3 4 -19 42 25
42 30 8 18 2 37
42 0 25 2 4 19
31 29 31 36 2 40
-7 27 22 16 1 25
-5 11 28 36 5 33
22 -15 16 6 11 6
8 8 4 22 27 3
13 40 46 7 4 21
7 -5 21 2 -15 -9
-6 40 33 29 5 20
8 22 10 37 24 33
16 7 -3 19 8 -9
14 13 2 0 15 -6
30 7 5 37 20 17
9 -1 27 26 41 -13
23 -7 37 27 19 34
17 3 29 -3 31 8
20 40 12 28 33 10
-4 39 3 -4 -10 35
-6 26 36 4 15 35
24 11 39 18 15 23
16 19 9 16 42 33
-3 1 -13 5 -12 15
-16 36 1 30 23 1
1 2 12 7 10 18
17 -1 31 -1 34 17
27 28 3 -5 36 20
41 33 33 41 39 41
4 23 20 5 6 -3
21 28 6 -5 27 23
-8 5 14 -10 25 34
15 21 0 21 18 19
9 21 5 30 30 3
32 16 33 24 34 20
7 23 37 7 1 42
1 -2 5 38 5 29
-18 1 14 22 -2 -8
8 44 -7 21 -7 40
39 42 23 -9 -5 27
29 27 26 11 24 -8
13 -9 27 38 16 28
45 -6 21 -13 -18 -8
24 22 14 23 27 29
35 12 17 -11 6 -2
21 16 1 36 27 -6
8 -8 10 34 36 -8
15 14 33 -1 4 15
29 11 4 10 29 33
-14 -1 29 -13 -1 21
17 3 29 47 22 27
31 35 -8 31 -13 33
-2 37 11 -1 21 33
4 6 12 1 33 39
38 17 -3 -4 1 34
-9 37 22 5 26 4
35 21 25 17 29 13
-2 8 40 35 35 23
7 -2 24 29 4 15
27 30 9 38 9 16
2 15 22 -4 8 43
26 -6 -9 -13 19 3
9 22 -17 18 -15 -3
-1 17 -3 -10 23 42
3 45 18 -3 15 9
39 44 29 1 34 11
-1 26 1 1 21 46
27 4 20 11 -17 13
5 27 29 25 7 14
1 -9 21 2 5 28
35 15 34 15 2 28
16 13 7 3 -16 41
42 30 11 8 28 36
44 24 -4 25 37 -14
41 12 19 0 -9 18
6 6 23 13 -9 16
-2 23 25 31 10 38
15 21 39 21 18 0
13 33 2 22 -4 15
2 0 19 7 38 15
46 1 19 -5 7 34
37 31 18 -3 27 41
-7 14 11 5 36 0
-5 10 -12 14 27 10
38 6 11 1 21 25
21 5 13 36 2 9
23 13 21 25 -4 -6
7 43 2 -10 0 14
28 9 32 37 46 28
34 32 -5 -10 22 2
23 9 32 8 1 35
16 1 36 35 20 -6
26 27 5 21 -3 20
16 -6 26 -12 16 34
41 37 11 24 1 6
6 -5 27 18 33 6
34 40 37 31 42 15
29 6 32 36 2 7
6 3 -1 18 44 13
32 36 24 1 18 20
-2 -14 36 24 -7 18
8 -2 -12 10 19 16
9 14 -2 11 25 47
17 27 16 12 34 21
-2 20 5 26 21 28
27 9 9 9 0 -1
17 41 12 27 16 29
18 -14 6 37 41 21
1 36 -19 9 47 41
15 32 28 34 38 45
17 25 39 14 -7 -6
13 7 23 -7 -1 30
30 8 37 36 9 29
28 15 24 48 13 3
33 -11 9 11 31 36
8 27 -9 42 32 31
16 28 10 -12 28 8
11 40 15 9 12 -4
16 27 35 49 -13 8
23 42 4 24 0 -7
7 20 8 46 9 3
8 15 39 28 13 36
27 31 -9 0 43 20
21 -19 0 8 12 34
18 7 10 17 8 13
33 39 29 3 47 19
34 10 21 43 -1 11
-2 25 19 2 27 3
11 8 33 33 10 21
13 20 22 -3 14 -2
39 0 27 -2 27 30
34 26 4 28 23 16
22 22 31 4 -5 11
-5 36 8 43 27 16
-15 13 24 15 32 21
26 38 27 -17 6 6
7 23 4 27 15 -9
4 -3 32 41 26 21
16 27 17 5 -11 14
-8 0 34 13 27 14
29 28 -5 40 -6 -3
32 35 47 0 16 17
41 33 2 5 15 1
37 24 -15 16 34 24
38 28 32 1 18 4
36 11 27 -10 9 15
20 33 8 15 28 37
14 34 -6 18 11 23
-4 9 11 12 19 12
7 31 16 30 22 32
6 5 9 13 20 20
31 -10 19 44 5 -12
-3 21 20 -4 -7 29
1 26 -11 5 22 41
-8 4 34 26 3 25
13 5 -7 -11 4 4
-15 37 38 36 -14 25
25 13 43 7 20 -7
28 -6 18 33 -1 30
-18 10 46 38 0 43
38 6 28 -9 27 -11
13 14 9 26 2 4
-2 14 42 -3 33 27
27 35 -6 35 12 0
38 25 18 25 10 23
33 7 24 -9 21 -14
29 28 34 19 13 31
21 20 12 6 -2 4
20 31 21 13 5 34
28 3 19 -12 26 17
15 -9 9 43 -5 27
21 10 23 21 15 23
22 -8 15 -6 30 37
-6 27 35 1 21 36
29 -2 10 25 47 29
-4 30 22 -1 28 29
16 22 37 28 -14 23
8 27 37 36 4 30
-3 32 2 30 14 21
27 33 3 -1 41 14
26 2 0 25 4 47
7 17 0 16 36 14
1 9 15 -1 29 31
39 2 37 15 -5 10
19 -14 -1 34 23 23
3 6 37 41 15 2
-10 32 30 17 -12 -7
1 -5 -9 10 20 24
21 19 28 12 -6 14
25 31 28 16 33 34
23 6 27 8 35 0
13 22 21 9 30 8
17 -14 30 11 32 -7
8 26 43 27 -10 32
13 9 35 -12 6 -4
16 12 -9 27 11 19
12 -2 13 10 27 31
26 22 9 43 38 32
30 21 25 19 16 -3
29 -2 -2 19 7 29
34 2 1 48 20 32
-1 20 36 23 33 -1
24 0 24 25 28 30
19 2 4 39 8 12
36 26 1 7 36 32
-16 28 2 34 22 36
16 -13 -10 2 15 28
26 -1 37 33 5 16
26 4 15 0 -7 30
22 29 26 6 37 29
43 9 18 40 14 23
36 20 -1 4 12 8
-16 24 29 27 33 34
10 -4 10 30 42 24
10 -11 2 15 -1 -8
35 21 4 -6 29 37
36 30 28 31 14 30
32 -6 39 5 33 42
25 27 43 4 10 19
37 3 39 19 39 4
4 27 -12 20 1 13
20 33 19 1 9 3
6 37 35 -9 3 15
9 8 2 31 27 22
9 23 12 11 36 5
11 26 14 0 24 45
-1 21 7 -4 36 33
28 8 33 -1 29 1
-4 37 -6 0 21 28
1 18 5 29 -7 3
36 42 4 -2 44 -3
31 -5 -5 -1 -3 14
29 19 36 27 -4 -2
3 -5 45 31 32 12
42 26 19 28 16 -5
15 -11 46 -9 3 -13
29 23 -7 35 26 4
36 12 26 30 11 8
22 13 16 14 -7 19
19 32 19 26 34 42
38 22 24 24 1 17
33 19 15 32 28 16
6 5 26 18 11 8
7 -13 -6 6 -11 -7
5 16 2 17 -8 34
16 33 37 40 0 19
-4 -1 33 11 29 -9
-7 42 -4 -4 17 -10
22 -1 15 24 -10 21
25 -11 30 16 27 25
33 21 -10 20 26 27
-6 -4 11 -2 32 12
-4 31 10 33 33 2
22 -8 -13 -2 6 7
31 22 -2 39 13 20
22 -5 28 27 27 22
-8 -19 10 4 27 25
31 6 27 0 -10 40
12 31 45 43 15 29
41 32 -1 32 18 12
-2 12 7 37 35 31
10 -18 17 17 37 -3
23 -3 7 4 40 15
29 -5 25 -16 -5 15
18 26 26 13 25 -11
-11 19 2 8 36 24
10 19 0 19 38 36
4 33 37 19 27 6
33 -12 1 40 27 31
-2 9 29 37 35 -1
9 33 21 -12 33 6
-1 4 7 40 -10 34
22 19 15 -14 21 26
27 -1 34 20 5 23
-7 31 3 19 -1 -4
-8 43 32 30 20 9
1 11 -1 1 6 39
25 28 33 5 15 29
23 27 27 -6 2 -6
-4 -2 6 1 26 32
29 2 23 -10 26 23
14 -3 12 4 26 20
-15 29 32 40 12 -8
19 41 -10 -11 11 20
25 -7 12 19 -16 23
36 4 42 2 -7 31
23 38 19 31 -7 16
0 -6 32 4 -3 21
34 13 22 20 -4 9
9 27 27 36 34 28
29 34 -6 29 13 12
7 32 23 17 13 46
28 28 24 18 31 39
-2 40 -6 3 36 11
17 -2 18 -2 9 14
-11 15 21 23 30 45
14 16 27 10 32 6
24 2 2 43 -6 -5
48 16 22 -1 13 -4
40 7 18 -9 13 12
12 33 3 30 22 32
19 6 0 6 33 -4
33 10 1 23 25 5
32 5 -11 13 21 39
15 21 -14 12 41 21
25 17 25 -1 -2 27
14 47 23 38 30 -7
45 38 24 39 14 -2
-5 39 16 16 20 -13
1 29 14 12 29 -17
34 5 27 39 5 20
-2 -12 5 -1 38 23
36 0 -11 46 -14 11
7 4 8 31 7 11
9 20 35 39 4 0
37 -16 0 12 18 12
7 0 12 -2 -1 25
34 42 -6 15 -9 30
-8 18 26 18 26 21
27 -1 18 2 -12 -1
38 0 10 -4 30 -7
17 31 29 8 12 6
6 -4 -4 5 10 13
12 29 40 43 40 34
-4 -7 39 -2 -11 22
3 15 20 -5 13 -9
11 15 27 14 7 -1
23 29 28 21 20 32
1 37 24 6 35 6
1 -4 28 -2 39 9
40 14 21 39 -9 -13
44 13 42 17 41 -6
19 34 -1 6 25 28
17 32 25 -6 -6 34
34 27 40 22 27 -3
-4 22 -3 24 28 37
29 37 19 8 -14 14
42 7 -2 23 25 34
27 28 33 -1 27 19
13 -5 21 -12 2 37
15 -8 -5 40 46 35
35 -3 2 -1 5 15
-2 7 29 8 23 6
38 2 36 19 1 12
31 -9 2 16 5 18
9 6 0 29 21 26
39 -7 0 1 8 32
28 36 27 17 39 14
0 32 20 6 12 -12
-13 41 11 35 14 33
28 37 22 11 27 30
33 45 10 1 -8 30
29 40 1 26 21 17
39 29 6 3 8 26
-1 9 18 -6 -7 1
30 24 30 29 -8 1
10 -1 -12 15 5 11
20 -11 -8 21 -12 39
19 26 36 18 38 -1
23 -2 25 19 0 24
46 20 -9 39 8 32
35 15 22 34 10 27
32 11 45 35 10 40
38 37 23 -3 17 38
32 25 19 23 22 3
-17 3 15 23 30 36
42 17 10 38 -1 46
35 12 15 29 32 37
1 27 19 23 44 5
31 -9 18 7 -2 36
30 -13 32 27 13 14
6 23 13 2 41 -14
21 11 24 35 31 20
13 32 -2 36 -6 5
5 7 5 7 -4 -6
14 35 -6 46 -15 2
27 14 30 -5 23 25
22 30 32 8 -14 1
15 -5 -2 23 16 14
21 14 7 44 14 30
31 20 -14 -12 28 12
39 -18 46 25 40 3
32 6 21 23 0 7
14 8 34 40 21 10
21 -12 9 8 24 9
27 21 25 36 6 13
-9 20 -4 33 5 -4
18 12 7 -4 41 24
18 41 5 2 45 29
-6 11 -16 35 -13 22
-4 1 41 14 24 1
1 29 9 43 -6 21
-13 29 28 21 -12 39
0 19 24 23 -4 5
9 17 19 32 -17 29
10 27 40 21 3 6
29 0 29 27 13 27
7 40 19 -9 9 27
-4 21 20 40 7 23
15 -7 -1 6 -12 49
30 1 8 -5 -1 4
22 -13 28 25 25 -4
37 33 20 8 42 37
3 25 35 14 25 -17
33 14 32 -1 6 -10
32 23 13 18 22 13
30 -9 3 10 26 1
46 -9 30 10 1 -5
28 -6 7 12 3 -6
17 -3 -12 27 26 29
-11 -2 -3 36 13 20
-6 32 29 9 4 24
36 2 9 17 2 35
-5 25 24 -11 -19 24
43 3 -4 22 27 2
9 38 19 -4 1 4
10 28 39 44 24 13
1 9 27 -13 30 5
6 22 36 -7 20 13
43 12 33 37 -4 36
-6 -4 43 -8 1 46
-9 14 -14 32 31 19
18 28 14 46 40 5
-5 30 20 36 11 15
2 24 -1 12 20 32
-1 -2 4 12 12 22
32 38 35 -17 8 -8
34 6 -12 35 20 6
12 16 23 39 9 7
18 18 30 9 31 -15
16 46 9 -1 9 0
-10 12 25 37 29 0
36 10 39 15 -1 7
12 -4 29 -1 34 13
11 34 -14 12 32 30
15 22 22 19 6 -16
21 24 2 23 19 15
41 6 17 18 10 -9
-2 23 22 23 17 18
30 7 30 0 -6 -2
10 29 6 11 -1 13
16 38 34 4 25 30
9 31 16 24 33 5
31 32 23 34 28 19
9 28 22 11 17 7
2 29 5 8 28 21
19 12 13 10 26 15
16 23 29 3 27 33
33 9 12 -6 27 23
30 31 38 -6 34 13
20 -1 9 14 34 -2
38 5 -6 40 9 44
-6 22 29 13 -3 21
2 12 10 28 10 -8
7 9 -16 17 17 -7
29 17 19 15 43 40
21 2 -11 7 -12 1
-2 5 36 32 23 12
11 -2 0 1 11 39
-1 -6 21 31 32 10
-9 -8 17 -1 38 32
14 21 2 0 4 30
21 41 -11 17 33 -14
-13 0 32 25 5 4
30 21 22 27 39 -14
2 4 23 -13 19 7
28 32 8 7 33 18
-18 5 8 2 39 19
43 -5 39 17 21 38
47 37 32 32 -2 31
35 -3 4 -2 47 15
20 5 31 0 18 -4
24 0 -9 16 36 18
15 21 12 11 13 -13
20 -7 34 14 -9 25
-5 40 20 -3 32 23
42 33 -5 41 -5 1
20 -6 12 3 5 7
39 15 34 33 9 35
25 22 1 47 11 13
16 1 16 28 12 33
26 36 40 11 14 31
22 37 23 36 1 -2
31 13 34 7 4 -1
-12 39 36 -6 30 2
-2 27 7 0 23 -2
25 30 -10 13 20 18
3 33 4 13 21 11
3 -5 16 1 -15 26
2 23 21 24 17 9
22 40 6 23 35 18
7 12 -2 -3 -8 3
45 18 3 4 1 -14
5 26 41 23 47 5
11 48 -4 12 17 29
28 19 40 36 22 35
40 21 25 21 -5 1
