-958
-532
-665
-499
170
479
359
-37
-535
-854
282
-172
-508
-4
-172
437
-608
-395
-846
-707
-617
422
-283
448
-228
-700
36
-296
323
-666
-335
142
-746
-131
-337
-242
-962
-140
-276
-221
-683
36
-809
-711
-893
41
-57
265
-351
447
-270
-629
351
7
102
-606
-376
-915
-243
-33
377
-691
-55
-560
-373
324
-881
-917
-70
-458
-166
116
-360
-295
-693
-613
22
-254
-75
73
-729
-222
98
-487
291
162
-363
-644
-232
-968
-947
351
151
-58
431
108
-808
-992
338
458
-712
-616
-54
-90
-790
-778
-411
-577
-53
31
-586
169
-99
-408
-237
411
-640
-462
-516
-958
-649
-708
-163
375
21
-403
-978
349
200
-515
-718
-265
-946
-581
-99
-872
-532
-106
-351
-516
-578
-689
-382
-186
-690
-64
452
-399
250
-480
-201
-696
-775
9
-390
-10
-297
196
-514
94
-656
-476
315
449
201
459
-381
-419
-201
282
-201
-990
158
-527
-461
-707
-961
-820
-809
-808
-111
157
-797
-365
-727
-944
-671
-353
-637
-113
-124
-566
-857
417
-677
-348
-978
-523
-610
76
-287
-399
-489
4
-130
-311
402
256
-576
3
-414
-817
-714
89
427
-382
-67
-830
-845
190
330
-631
-307
426
-444
435
-450
442
-854
-939
-860
-576
-720
-312
-470
-450
438
-50
-806
196
298
-583
-713
-894
-511
-717
-544
-885
317
-328
-736
-686
-644
186
-946
-87
-191
-54
-686
-678
-518
-855
197
-777
130
-838
-549
174
-533
-955
-707
-560
254
-975
-845
-254
-350
187
-686
-525
-977
-831
-981
-212
392
-797
-522
-585
315
335
-627
-840
-929
488
-702
-822
-729
-331
193
103
-519
214
-197
-900
-472
-374
24
62
-818
4
433
-274
32
-507
-857
223
287
65
188
-639
-586
-25
-729
171
-764
-166
-103
-332
286
-449
-859
-304
-980
-874
-423
-341
-697
372
-533
-321
-406
485
19
-535
120
153
-199
-912
61
11
-242
-829
-684
-772
-956
-241
165
110
87
488
-525
-374
424
-479
-97
-37
-876
-403
262
-804
-474
265
-739
-797
-883
31
-673
12
-228
-588
154
-75
-811
-59
-148
-337
-99
-41
-634
8
478
201
-941
-560
-696
-239
358
-675
-522
109
114
-112
-149
-539
-571
-6
385
406
-459
112
-295
-164
-643
-927
351
-176
-514
-443
217
358
-473
358
338
272
362
-103
23
-887
-282
-303
-958
-576
-870
-770
-434
-440
-67
-703
-946
-37
-345
-27
458
-630
-467
-36
-392
-516
-88
-932
-151
-324
-61
-776
-857
-488
-258
-824
460
222
206
399
-720
-298
-806
-265
-465
-823
-37
-451
-699
-586
-358
-144
143
463
-122
-575
-321
-556
-703
-326
-959
314
-124
-927
-181
-389
18
-67
-887
-304
170
-959
-511
-314
91
498
-410
146
354
315
-348
-259
-955
259
-664
-240
193
265
-818
-496
-391
293
-532
-870
241
175
-398
-922
-784
-316
-786
393
-329
-571
-972
-915
-924
-213
499
-29
-712
-395
-496
222
-336
-636
11
-828
490
-759
-835
-86
-295
233
-249
206
-24
-696
423
99
248
-28
-86
76
-287
-321
263
-480
-710
-134
-459
246
-681
-676
133
-527
153
88
-429
104
-576
-30
-984
-971
348
-911
-56
-362
-590
-536
50
-318
343
-391
-939
222
-111
-853
-309
-156
431
-251
68
-463
-216
-964
-773
186
39
225
360
-742
-233
-55
-44
319
-273
412
26
-644
2
-450
497
-415
343
-924
-857
197
73
-573
-393
-826
-570
-595
-294
-373
376
-906
-434
-963
-263
142
-185
-743
-347
-161
-517
356
16
132
-769
-374
-988
-362
-813
-106
-646
417
453
-991
263
-766
455
-696
-365
-696
-743
-851
125
-682
-786
110
-971
201
81
319
-141
-949
-844
362
265
-90
-97
-510
-51
283
-325
-779
403
-76
370
-740
9
-380
-996
-495
-607
-314
314
-301
-277
38
-589
462
-765
-491
-506
270
-62
-130
-941
-299
-735
118
-784
-444
-669
40
-787
289
-917
-914
-289
-515
-225
-619
-458
-884
111
74
-211
-867
-310
-886
-991
-58
364
-971
185
-221
201
72
72
334
-132
-846
-704
-831
-174
-349
-401
310
-306
-313
-919
-883
-750
