44 20 37
3 22 27
31 11 15
17 8 48
34 30 14
44 48 45
30 39 44
7 5 6
45 35 24
19 21 48
50 29 24
41 22 15
20 52 38
47 6 14
25 36 26
17 44 14
3 4 5
47 15 10
40 12 26
44 32 31
19 38 43
45 41 9
43 45 17
51 49 8
43 32 23
3 9 4
46 51 32
26 37 7
9 43 19
29 34 11
47 42 29
26 40 41
21 35 32
44 36 18
42 11 7
33 30 9
26 39 24
48 27 25
23 32 30
26 50 15
39 43 14
39 8 20
8 27 34
5 3 3
44 27 19
33 10 44
10 40 10
40 6 36
48 12 12
11 24 41
25 49 9
33 16 21
3 44 15
8 13 12
27 40 51
36 48 44
5 3 44
39 27 23
49 24 51
52 21 37
34 37 6
52 21 41
3 41 30
20 31 46
51 36 10
24 13 20
16 17 12
19 38 4
3 52 22
9 51 6
27 11 47
12 42 5
48 38 46
46 26 40
17 6 51
3 11 21
33 49 51
34 42 51
12 10 25
25 41 45
41 32 43
10 11 44
18 41 9
14 5 37
25 8 31
49 15 39
28 36 22
45 47 19
34 51 25
4 24 52
10 29 45
42 28 15
3 13 6
22 14 41
4 42 8
26 5 38
35 38 41
29 20 10
35 35 22
7 24 42
29 32 21
45 28 8
37 52 44
15 48 13
21 6 42
26 32 49
40 32 52
40 19 52
46 48 50
19 39 8
41 35 8
37 17 4
19 24 39
16 16 8
38 6 15
11 35 48
16 9 24
11 49 35
34 47 49
25 32 14
38 3 26
19 47 12
45 42 6
27 7 13
48 52 39
16 27 25
21 21 40
8 11 44
5 28 30
17 17 27
37 27 25
12 36 23
40 50 21
30 26 23
16 21 45
38 5 33
16 30 5
52 30 28
46 27 26
25 14 34
6 35 8
46 28 34
45 45 25
39 17 3
40 13 16
27 23 23
38 36 14
13 49 20
38 3 43
47 48 27
22 28 29
47 11 5
24 19 31
46 4 37
21 17 22
5 3 40
13 29 13
10 23 18
29 30 46
11 17 12
35 39 18
40 30 27
28 30 32
31 26 23
5 15 26
49 40 14
48 28 17
13 5 19
33 29 14
24 14 50
6 23 43
27 41 16
43 4 15
32 3 16
11 31 18
10 30 3
11 42 6
13 10 27
30 11 16
40 4 3
13 31 46
37 8 43
14 7 38
9 25 3
26 38 9
19 29 10
29 10 40
24 22 14
49 25 20
15 20 49
38 44 26
32 32 18
12 35 49
8 6 15
37 37 7
25 10 22
35 16 10
36 14 38
20 51 28
41 26 45
7 14 44
28 12 28
24 23 29
37 8 36
3 51 32
4 46 37
40 37 9
46 29 8
15 51 34
3 16 44
8 8 45
15 14 30
27 31 5
46 49 26
43 16 28
25 21 13
20 35 15
48 22 34
43 41 38
43 50 42
43 48 6
17 4 43
47 11 38
12 45 8
17 34 6
32 28 11
45 50 52
9 14 30
20 44 32
43 16 27
4 30 18
36 16 45
27 4 45
12 23 31
30 37 28
39 51 23
40 50 7
6 24 16
9 16 13
24 42 43
17 45 22
16 44 7
21 35 3
8 28 42
6 25 51
50 37 51
24 17 16
28 48 15
49 31 22
15 22 38
42 47 18
43 48 11
21 23 4
26 35 25
5 40 23
16 4 6
26 30 3
22 18 18
31 46 50
41 46 40
12 16 52
34 41 45
11 13 24
11 7 41
49 43 52
46 33 23
51 20 39
36 38 29
38 41 6
32 27 51
26 12 10
19 47 8
21 29 14
28 8 4
52 49 37
18 17 45
28 16 45
49 51 25
29 9 26
32 7 8
29 15 28
46 18 39
39 44 17
47 9 5
39 41 35
8 18 34
33 44 28
14 40 39
43 3 15
37 46 6
19 5 11
15 36 7
6 37 6
9 51 27
20 16 12
31 3 33
21 11 3
8 14 17
6 29 46
12 5 14
42 51 35
6 27 23
5 26 34
22 31 12
11 22 24
6 48 34
7 45 38
16 51 42
25 41 40
13 14 37
11 14 12
46 18 22
40 22 11
3 24 17
20 18 8
18 33 42
15 41 35
7 38 13
37 27 33
18 4 44
18 32 13
51 26 41
30 35 9
42 16 11
44 43 26
16 31 37
31 3 24
38 27 24
36 20 6
48 21 28
29 32 3
51 12 46
39 33 19
52 20 31
32 17 24
8 29 19
19 29 19
40 34 17
43 39 24
15 24 17
12 18 5
26 27 44
48 15 26
34 9 21
21 5 10
10 34 15
39 33 17
12 37 9
43 46 49
5 7 48
11 51 44
15 34 17
42 11 25
7 48 5
22 32 41
26 21 19
12 51 39
49 15 36
11 25 49
45 40 28
50 11 5
10 51 33
45 3 31
52 5 51
35 43 18
28 15 20
39 50 21
50 31 4
19 33 52
28 11 32
23 43 13
50 15 8
28 45 14
7 51 49
17 49 41
22 41 16
28 18 24
28 18 31
37 23 8
17 10 15
14 27 52
22 33 26
3 36 28
13 40 39
40 31 46
39 17 17
44 52 38
8 40 7
40 26 17
23 11 21
34 38 5
26 5 47
29 29 49
25 52 43
27 22 46
14 44 42
22 18 8
38 19 3
18 12 17
19 46 27
12 3 48
26 42 14
25 21 11
34 21 29
13 25 27
32 13 5
35 44 48
17 27 17
5 8 13
27 25 24
25 50 30
42 8 48
47 3 46
7 34 15
25 42 31
15 15 20
11 18 11
26 12 37
7 39 22
11 48 9
19 3 20
45 40 35
9 27 50
24 36 25
34 29 36
51 26 35
21 29 23
14 35 9
43 28 27
39 30 22
46 37 30
21 21 44
49 36 31
30 29 24
50 15 6
30 11 48
11 38 41
40 46 16
4 3 31
14 3 52
45 7 22
34 18 20
16 46 37
25 25 33
4 45 30
30 23 5
17 34 43
26 40 26
32 48 22
30 45 13
35 11 29
40 23 31
4 11 16
13 36 39
45 13 25
31 37 44
21 6 20
18 41 34
10 3 17
51 11 14
16 9 10
31 42 38
18 28 39
39 36 13
33 51 31
45 36 43
19 38 13
52 40 45
35 31 5
22 47 47
11 5 50
35 38 11
17 50 46
52 18 44
42 3 15
51 26 4
27 36 44
3 7 43
50 22 33
31 34 47
43 40 52
28 36 41
45 46 5
14 13 37
43 50 38
32 43 8
44 45 13
52 31 32
24 30 26
46 23 50
29 29 43
35 31 12
21 42 12
52 27 25
33 11 20
11 30 6
23 10 49
27 25 14
22 14 9
43 16 36
19 35 5
44 7 16
15 49 13
18 7 52
39 33 51
35 40 37
43 20 9
23 44 35
52 26 11
8 24 48
49 19 31
31 32 11
30 3 10
32 34 48
31 29 6
52 37 18
46 11 25
46 32 17
21 8 44
26 25 51
4 39 47
49 30 20
32 19 27
44 22 15
49 46 44
18 52 10
43 5 39
4 40 29
15 8 36
47 33 50
18 18 16
14 31 31
31 43 14
50 48 23
28 42 3
52 36 18
17 35 10
35 49 20
25 35 13
44 34 40
8 32 24
41 4 50
11 49 29
12 42 25
19 39 8
31 17 13
6 30 51
6 14 34
35 8 50
9 5 24
49 34 24
8 50 27
21 38 29
27 12 51
27 6 25
38 46 41
6 35 50
33 29 31
3 4 14
52 8 16
19 26 14
48 26 27
3 6 34
40 52 13
46 18 25
32 34 15
29 34 50
43 24 8
25 35 42
23 18 34
11 46 9
31 51 9
24 19 49
50 23 47
32 41 12
37 22 31
20 18 29
37 21 9
31 50 21
43 52 38
39 52 23
13 24 16
18 38 21
33 34 20
40 47 39
10 13 30
27 34 5
24 21 46
38 40 14
7 30 9
21 25 16
3 45 40
41 41 8
42 50 34
46 37 40
14 46 20
4 35 50
18 6 7
37 48 28
24 17 34
25 9 9
46 46 33
33 21 14
16 21 4
19 32 21
43 34 36
32 16 12
6 39 48
18 27 23
38 33 29
8 28 24
11 12 9
5 35 8
43 28 15
38 15 33
39 50 5
11 33 43
29 11 46
43 49 27
26 50 33
38 25 3
10 8 19
44 41 34
21 18 49
28 12 15
39 8 15
46 45 24
25 15 51
21 21 20
17 3 43
38 12 22
48 6 43
32 52 8
44 14 34
5 6 36
32 40 45
6 36 23
17 21 47
16 32 5
17 22 23
8 50 47
40 29 29
26 43 32
43 41 13
24 48 24
23 36 42
8 31 32
9 15 38
40 49 36
41 38 32
46 43 15
18 4 8
10 20 22
37 24 10
51 48 50
21 41 47
25 16 31
17 4 26
43 7 4
30 50 45
24 16 4
16 24 18
24 48 13
48 44 25
15 4 18
8 46 41
32 35 11
7 25 10
48 41 47
43 42 7
7 26 28
31 27 34
33 36 26
47 33 49
40 48 8
19 3 42
41 16 38
50 12 33
27 11 40
27 23 25
46 8 37
14 9 9
37 28 35
22 44 35
37 32 32
36 20 39
28 21 40
31 22 30
40 44 9
48 13 4
46 35 39
33 28 10
37 27 22
43 29 44
4 32 43
27 25 44
42 40 43
42 46 6
16 34 6
8 29 32
48 42 21
51 36 42
18 24 46
29 25 41
31 34 52
31 44 26
46 37 46
52 5 10
5 44 40
49 44 40
16 3 19
43 15 38
29 13 30
35 13 42
8 27 16
25 48 19
13 41 41
14 48 20
28 20 42
45 16 50
5 20 52
26 29 6
51 4 23
39 11 20
9 8 34
15 22 28
9 34 48
47 44 6
41 18 3
22 25 44
36 36 28
45 22 3
7 31 38
10 36 46
43 6 3
36 25 24
14 43 41
44 11 50
5 11 32
5 36 43
5 21 25
48 38 11
14 45 47
52 41 31
45 10 44
50 22 48
33 16 17
13 14 38
26 7 15
6 5 22
7 32 5
27 52 33
47 47 52
21 18 16
5 26 23
34 50 14
22 51 51
6 5 32
6 46 25
41 16 37
3 25 43
14 45 4
33 30 19
29 31 23
18 51 51
32 38 10
36 15 5
15 23 23
25 26 44
39 41 20
20 45 51
20 52 18
42 35 22
34 6 33
31 34 42
5 33 25
17 10 48
31 34 43
13 30 24
39 12 46
43 36 40
46 33 27
46 35 6
14 43 15
10 50 4
26 43 20
43 6 19
36 14 12
48 39 4
18 4 43
12 50 36
3 11 24
28 34 40
24 40 52
7 32 41
3 33 14
21 8 43
31 12 25
51 13 51
38 34 17
20 46 49
14 49 41
23 41 29
8 20 24
13 5 11
36 8 18
29 4 37
12 46 51
26 45 46
36 40 6
43 14 47
21 30 51
42 51 32
50 52 34
22 28 51
52 39 52
26 46 34
7 14 37
38 20 19
46 7 19
6 11 26
37 45 20
51 22 33
14 17 43
30 46 7
52 27 48
9 11 42
11 12 42
50 43 21
17 28 29
42 6 19
15 43 23
29 48 44
39 4 12
40 36 38
43 3 39
8 34 31
5 30 15
27 18 25
35 38 31
49 42 31
36 28 18
13 48 31
24 8 23
30 26 37
4 28 39
37 4 40
13 27 43
9 24 33
38 48 35
28 21 26
15 40 51
8 15 20
45 42 50
49 6 34
18 42 11
32 48 47
52 48 25
28 15 25
26 33 41
50 45 11
6 30 28
37 4 31
35 22 39
31 42 41
24 29 16
30 28 27
34 3 14
15 5 51
48 37 19
40 10 46
37 47 12
24 11 46
21 30 22
10 44 44
17 26 18
25 32 44
18 18 39
10 12 3
5 46 44
32 51 30
51 27 27
27 36 38
41 23 15
32 37 12
31 26 38
3 27 46
8 15 18
20 10 30
37 7 43
37 44 24
38 37 43
45 51 39
21 24 27
50 29 7
22 11 30
46 21 19
5 41 3
22 21 43
37 42 9
11 35 31
17 40 42
27 23 30
7 41 44
51 45 5
24 7 49
9 12 36
11 14 36
39 7 38
45 45 13
14 23 46
31 40 16
16 44 37
18 9 14
15 14 12
4 41 23
27 10 10
37 4 4
42 11 44
43 16 15
8 13 46
25 5 29
46 26 19
4 28 31
35 14 22
6 32 10
45 4 6
45 23 22
25 10 47
8 43 36
15 12 10
41 13 24
24 7 50
17 26 32
42 19 40
9 35 23
42 19 25
36 13 6
8 44 12
39 40 32
45 20 48
9 41 5
7 19 36
13 22 34
41 20 29
51 17 23
6 10 22
19 25 45
10 16 13
50 46 33
20 46 29
17 29 20
37 23 24
45 17 7
19 46 17
28 3 15
3 4 29
32 46 30
42 14 38
25 37 47
14 16 7
49 41 11
10 33 26
17 27 49
40 34 21
14 45 44
35 26 14
44 14 33
51 22 44
3 32 20
20 17 48
44 39 20
31 6 12
26 34 6
22 19 36
20 38 5
33 10 34
20 13 19
40 24 30
48 17 41
24 50 18
45 14 10
8 6 24
33 43 33
28 23 43
30 51 39
7 42 34
47 41 13
21 22 12
30 12 22
32 19 3
49 6 11
33 46 9
52 7 25
13 47 7
36 49 32
24 31 12
44 24 41
19 36 38
23 32 14
