21 27 64 -30
-1 34 58 -22
-3 3 2 -4
-3 -2 1 2
-3 -1 0 2
-2 -2 2 2
-2 55 77 -4
1 48 49 -18
-3 59 65 14
-17 21 52 3
3 24 71 -19
-17 28 77 14
-8 17 67 -21
3 51 59 -2
-4 45 70 12
18 16 70 12
-6 58 76 -25
20 39 50 -30
-14 11 73 18
9 33 64 -26
-14 50 46 -4
11 18 74 9
6 33 67 8
-2 42 59 11
13 25 69 -22
-16 40 57 -24
3 46 51 15
4 32 50 -1
7 33 77 -18
16 50 41 6
-15 27 35 -6
11 12 30 -30
21 34 46 0
-13 51 37 7
-13 47 33 3
25 19 39 -22
1 48 52 16
-14 40 43 -12
-20 51 42 -25
-10 19 54 7
28 43 75 11
-18 10 71 6
4 30 76 -9
28 59 48 4
11 44 33 19
-2 48 30 8
7 27 58 13
28 43 37 -9
-10 27 43 -16
-11 26 65 -29
-20 59 49 -24
28 13 54 -22
24 19 69 -28
25 45 73 13
3 47 44 -27
28 10 38 -12
10 56 78 1
19 58 39 -23
2 32 68 12
18 39 70 -23
-12 51 45 8
-14 21 32 4
2 15 58 16
-8 46 55 3
-1 52 74 -14
11 58 52 -29
1 59 37 -4
22 49 55 -18
-20 20 33 -11
-9 48 31 9
-15 33 32 5
12 45 68 -4
-3 17 62 2
-1 14 51 9
6 39 48 12
5 15 64 19
21 22 75 -20
-2 13 69 -7
9 56 67 -1
29 47 46 19
23 55 77 -14
16 15 68 2
-15 44 44 -29
-4 31 66 -17
-7 15 65 -27
-8 18 62 15
-7 16 51 -22
26 42 61 14
26 32 59 -19
15 10 53 -14
24 19 72 9
-17 34 34 -20
25 59 66 -17
4 32 48 -12
17 15 38 11
-18 35 57 -16
-6 34 64 -6
2 19 63 -10
17 57 48 -3
3 30 43 -12
22 45 32 0
-7 37 32 19
7 35 73 -6
3 32 41 1
-17 42 35 13
5 41 72 12
2 46 44 -30
17 20 43 -6
0 30 65 3
-9 20 76 -13
15 10 70 14
25 34 49 -5
6 54 38 -28
1 26 58 13
-19 44 48 -16
-1 12 30 7
-10 36 40 -23
0 25 56 -3
23 18 44 -21
12 46 45 7
7 34 55 -3
9 38 53 -10
-18 22 53 16
17 21 75 -5
-6 20 32 -14
10 36 41 -9
-9 57 33 -10
20 34 68 -17
20 11 42 -1
-20 23 38 -2
-5 17 57 -30
-12 49 33 -20
-13 34 57 -22
-7 47 31 -30
-10 38 73 4
-15 50 41 -26
15 16 52 -30
3 45 36 -14
6 17 56 -23
17 31 49 -19
26 32 47 -18
-3 56 65 11
3 39 59 -15
-11 42 76 -25
-17 22 64 4
-16 32 37 -11
12 23 37 3
-9 45 47 18
5 48 53 12
-16 21 71 -5
-11 35 51 -10
6 44 35 3
-20 58 59 -29
23 44 67 4
-14 53 56 -25
-8 58 61 -30
-7 51 35 -25
22 22 41 -3
4 38 32 13
26 33 70 -17
5 32 48 -20
-3 42 42 15
-1 41 70 8
15 50 77 9
20 55 33 -16
-19 50 74 -22
15 19 72 -25
-6 41 33 -1
5 18 72 17
29 16 41 -3
-3 51 59 10
-7 34 31 -3
-5 43 43 12
4 11 72 -21
0 38 57 4
5 46 78 -10
17 57 34 -27
1 23 36 -17
-10 31 69 10
-6 52 49 -17
21 14 48 2
-20 15 55 9
-17 32 78 17
14 58 51 -16
-7 35 75 -18
26 38 49 -18
-1 45 69 14
-5 50 75 -22
-2 30 31 -7
12 32 32 7
0 23 31 -27
3 37 30 -11
-5 25 58 13
27 48 73 7
-11 23 79 1
18 52 38 -20
1 18 34 8
26 50 79 13
10 30 78 -13
16 43 65 -4
15 48 33 -1
4 58 53 -21
-13 26 74 -25
-2 36 41 -5
-15 11 79 16
14 25 44 12
5 23 72 16
28 32 56 -24
3 39 34 -25
6 22 55 13
-5 46 66 11
-6 54 36 -28
16 48 62 -25
-5 41 60 11
5 21 67 6
20 10 42 4
23 13 46 -28
-12 22 63 -26
-17 44 33 -24
28 34 47 -17
-11 38 30 0
-2 18 30 -25
-9 24 33 -4
23 19 32 -19
19 58 62 -27
4 30 32 -7
11 29 58 -21
-12 29 51 -27
25 41 34 12
15 23 78 9
2 48 67 -20
-9 44 38 -19
-11 53 45 -11
17 29 38 -30
1 24 47 -15
-15 25 60 9
-8 48 62 -26
15 20 64 -6
10 25 31 11
-5 39 40 18
3 48 57 2
-14 49 43 -22
21 50 53 -17
8 44 58 -30
1 45 54 -9
13 27 33 15
-2 35 56 -1
-20 58 39 13
16 40 46 19
-3 38 59 -16
1 15 56 -14
-4 36 46 7
11 24 70 6
1 22 51 -16
-11 25 32 -7
4 51 75 -18
3 41 36 -12
-2 12 37 -23
11 22 66 0
-6 19 64 -24
20 53 76 -28
-16 55 38 18
21 22 61 -16
19 18 52 -26
25 12 49 -1
18 33 48 -14
-11 58 66 16
-8 43 38 -8
26 52 67 -5
27 18 32 -23
28 40 72 -30
8 59 32 18
12 50 45 -5
-8 27 66 17
-2 57 58 -29
-4 40 79 -5
-12 39 50 10
-10 57 42 -25
5 52 41 -26
28 56 44 16
18 29 68 -17
5 25 51 -5
-5 38 64 -10
-15 24 37 -18
-9 34 79 -11
10 33 30 3
5 20 67 6
17 38 73 6
-6 24 71 19
15 15 67 -26
17 33 44 -10
-12 28 61 5
-18 33 32 14
6 36 76 -8
29 50 54 -11
23 21 71 9
-1 25 35 5
-4 10 45 -21
-6 26 73 -6
-11 10 75 -7
19 21 52 -12
-12 41 48 -4
-10 32 54 -1
-10 12 62 11
25 24 54 -16
-18 15 40 -6
2 31 52 17
7 49 35 15
24 10 73 -26
11 22 52 9
8 22 42 -13
-12 25 38 -7
-11 44 34 6
-1 18 75 -24
-4 10 47 12
17 42 36 -6
27 31 63 -8
11 36 63 18
3 42 48 -4
0 21 62 -24
20 35 54 6
7 29 73 4
7 28 48 11
26 43 58 -3
6 31 77 -18
-17 37 38 15
-12 45 68 7
23 23 31 -30
8 21 30 19
22 14 49 1
-5 27 43 13
14 32 52 0
-19 52 57 -3
0 12 44 1
20 33 67 -7
9 55 49 -3
22 20 62 -22
6 47 50 -2
-19 18 43 -20
13 46 72 -20
2 38 64 11
-2 13 47 -15
18 41 37 -30
-6 58 38 -19
-7 16 37 -2
19 45 45 -5
16 46 63 -20
10 58 58 12
13 50 46 5
-10 59 67 12
12 38 32 -11
24 54 38 -28
27 42 65 -22
-6 57 73 19
-5 51 69 -30
-8 58 53 -29
4 43 71 -30
-16 50 77 -11
10 38 61 14
20 47 79 -5
13 48 72 13
-18 21 40 4
20 57 65 -1
20 15 71 12
-10 59 58 -1
1 37 53 13
0 57 56 -4
20 42 58 -21
-2 49 39 19
4 32 60 -22
-3 18 57 -27
0 17 76 -6
2 21 49 -19
-14 50 43 3
-4 42 32 11
-16 23 42 16
-10 25 34 19
16 40 78 2
17 44 70 -13
-14 30 71 2
29 33 38 -25
1 55 76 -14
8 38 59 -22
7 10 37 -1
11 55 58 -4
-17 59 64 -15
23 18 52 13
9 24 48 -25
21 33 52 18
-19 46 74 16
7 27 59 -14
4 51 49 -18
26 53 71 -15
29 17 70 -28
16 11 67 -4
-8 15 63 14
10 57 45 -15
-7 21 58 -2
8 50 41 17
25 30 55 9
-20 59 63 -15
-6 42 37 2
26 27 52 2
-10 51 61 7
-15 39 51 8
-19 57 38 16
6 19 69 -8
-4 46 35 -2
-6 20 33 -3
28 13 41 1
12 15 77 -24
-18 31 76 1
1 15 77 -6
-2 45 56 -6
-11 58 54 -27
2 45 73 8
-17 42 77 0
6 38 30 -29
-9 59 35 -17
-4 33 41 15
3 34 30 -27
11 47 79 -20
23 25 52 -1
11 22 56 1
27 50 51 -25
2 42 69 -10
-5 41 38 13
-14 38 78 -24
1 26 76 17
0 54 59 8
-11 44 49 -2
-3 25 56 4
-2 16 58 17
-2 50 79 5
16 59 50 -20
1 23 45 5
-2 40 61 -13
17 54 66 -23
-10 37 54 1
-18 31 48 13
15 47 41 -26
7 16 48 -8
-7 10 72 7
18 48 35 9
27 41 73 4
17 21 73 -13
-19 42 77 -15
-17 14 64 15
5 31 44 1
2 16 36 13
23 40 60 -12
-9 23 48 -29
-4 39 48 10
11 43 59 -17
-11 13 66 15
-5 34 50 5
10 36 35 -5
1 18 39 -24
-18 42 35 10
5 22 65 -18
10 46 77 -28
-12 40 70 -4
-12 53 70 16
4 33 77 0
15 32 30 -23
-15 26 71 8
11 28 45 16
5 19 42 6
-15 22 73 12
1 32 42 18
-2 28 47 -16
-20 50 65 -21
-1 55 33 10
9 59 35 11
-9 41 32 -27
13 39 67 12
-17 43 50 -16
-2 54 43 -1
-18 24 49 -10
-15 57 74 7
6 36 53 10
9 50 68 -20
1 55 51 -10
13 49 35 -2
9 16 42 5
17 56 63 8
15 39 73 10
-8 25 31 -25
-13 27 49 4
1 17 78 15
27 28 68 14
2 23 58 -16
-19 33 70 -26
-19 37 77 12
1 23 31 -17
1 25 51 15
-10 55 71 -8
-8 11 45 -25
23 48 59 2
-12 14 52 -23
25 48 74 10
19 14 34 -7
5 38 54 1
10 43 53 14
10 56 67 15
-15 26 30 9
18 23 65 17
-11 40 54 -22
17 34 50 -8
23 15 64 -19
-14 16 64 -5
12 29 71 2
14 39 59 3
-3 46 55 -12
17 38 49 -3
17 51 36 15
-10 11 73 2
16 40 55 -23
14 34 49 10
6 51 31 -1
20 34 52 11
19 47 70 9
23 13 43 1
-17 15 56 -1
25 49 48 18
13 49 45 -9
23 36 52 8
8 41 79 -2
21 33 73 4
23 59 32 -23
-18 51 67 16
21 47 43 -30
-4 50 42 5
6 20 57 2
-10 49 35 -6
-7 32 75 -14
-10 48 68 -19
25 27 55 -13
19 52 43 17
-18 27 79 -7
6 13 78 -29
0 46 38 -13
-14 15 61 -18
-1 35 36 1
25 54 71 -27
18 25 30 -11
2 51 63 3
5 52 49 -30
-16 38 65 -23
13 53 70 -27
-20 43 52 -9
-9 50 68 11
-12 57 32 -22
9 12 63 10
-18 28 52 15
15 18 41 12
24 59 68 -2
22 17 71 17
-1 55 60 -17
-6 20 41 5
3 14 42 -27
-18 29 34 -1
-18 34 79 0
24 54 79 -12
-5 23 32 -7
0 41 77 -19
-1 58 78 -27
-18 39 33 13
2 48 43 4
-20 32 70 -19
22 11 60 -3
-4 36 58 -10
-5 58 78 -1
15 17 63 -18
-18 22 50 -10
2 33 71 6
18 27 47 12
28 27 79 -15
19 42 49 1
-17 40 58 1
19 12 60 -8
-6 17 75 -2
11 50 40 -3
1 46 39 13
20 43 67 13
10 34 73 2
-17 21 70 -18
-13 57 31 -7
20 27 70 -27
-4 43 41 -21
25 46 31 -15
-19 50 39 17
13 10 38 -9
5 41 67 -9
17 59 34 -1
18 10 60 -19
-2 15 70 -2
-11 32 78 -20
28 45 61 -16
-3 53 76 -19
26 48 50 8
6 15 47 -9
-10 12 38 3
-15 25 56 -29
14 19 73 18
3 52 73 3
17 13 70 -19
24 28 57 18
19 58 59 17
29 41 49 -5
28 59 66 19
3 53 61 -26
-9 44 65 -13
-4 53 34 -14
-17 18 53 4
22 27 78 -11
10 21 44 10
7 53 34 19
4 55 36 -22
19 18 39 9
27 50 48 -16
5 36 69 -27
-4 22 70 -10
6 55 71 6
-19 19 67 3
15 50 30 6
-15 41 58 -28
7 22 54 -15
2 42 65 -2
26 49 58 3
5 25 40 15
8 31 35 -10
7 33 64 -29
5 46 64 -29
17 20 54 10
-14 31 60 5
25 42 55 -12
3 22 67 18
-15 22 47 12
19 57 76 -27
11 25 69 -22
9 55 74 19
25 32 55 -18
2 33 60 8
27 52 38 -27
7 35 64 -29
8 42 49 6
8 49 68 -9
6 23 57 -5
4 41 30 -19
-8 12 78 15
14 26 67 -23
23 44 74 -21
1 18 73 -12
7 29 37 11
21 24 53 -15
2 39 71 -15
-5 46 37 -21
-20 12 73 11
9 58 57 18
4 34 54 3
15 48 50 -18
9 44 39 -2
3 45 30 -6
23 15 42 -15
-3 17 57 4
-16 50 64 11
1 45 64 10
22 58 66 -12
1 34 77 -4
-16 29 38 -3
23 28 46 -28
18 10 49 -12
20 44 69 -24
-12 42 58 -16
17 49 54 -10
7 14 68 11
28 52 32 -9
-16 56 36 -21
13 18 41 3
16 14 65 12
22 20 41 -10
23 38 67 -17
-7 51 64 -15
-14 21 42 -19
-11 11 68 -10
4 17 37 4
-19 11 69 -22
21 50 43 -18
-15 20 73 -8
-18 36 73 -7
-4 11 55 -2
12 21 49 -27
9 17 72 -29
-17 52 50 -11
2 17 74 -25
20 43 42 -21
-13 48 40 -9
1 14 77 -16
3 39 69 -14
17 16 62 -10
19 26 52 3
-10 13 35 11
-11 46 67 -1
22 27 75 -24
18 12 34 -14
13 20 49 1
18 27 56 18
-6 30 33 -23
-1 26 52 12
-13 23 40 17
23 40 47 13
6 24 56 -13
14 30 51 12
-6 14 46 13
-6 35 30 -18
-20 11 56 -1
23 37 69 -19
15 32 64 14
-9 23 34 16
18 18 37 0
3 24 54 16
17 41 48 -19
22 51 62 -7
-9 51 41 0
28 29 71 -30
9 27 47 -16
25 51 66 -13
8 13 39 -7
11 13 49 -14
13 27 65 -28
10 17 61 -13
-10 26 67 -9
7 55 44 8
1 57 45 12
-9 17 35 -27
1 40 70 0
5 30 70 -3
28 46 34 9
11 54 68 -20
-2 29 39 -3
-11 29 59 -14
-20 56 33 -22
10 53 36 19
-16 32 40 14
-16 43 76 -1
1 38 39 11
1 48 46 3
15 30 59 -19
-10 18 62 -18
-14 38 59 17
17 48 49 3
20 55 46 3
-11 17 47 4
-17 45 38 13
23 53 46 -29
20 54 67 -6
-8 57 31 15
-3 52 72 7
10 23 76 -20
19 38 39 6
24 50 62 -11
0 53 72 -18
-6 37 37 14
-15 23 41 -17
23 24 33 15
-8 41 76 -21
28 28 54 -19
-16 45 57 3
20 22 57 -3
-3 50 72 -30
-20 18 56 -26
15 40 61 15
17 33 52 -3
9 21 41 -26
10 13 73 -9
15 38 73 -30
-15 31 50 -28
5 41 70 4
20 46 64 18
19 25 76 -18
-8 12 61 7
-6 17 78 -24
0 10 62 -29
23 59 62 14
11 35 34 -30
6 26 68 -29
3 53 71 0
25 28 39 -17
8 39 68 -26
-7 39 49 -14
9 37 67 -28
-5 52 53 -8
28 33 33 18
25 57 38 -22
-9 53 45 1
-18 20 58 -24
-15 25 53 -11
-5 13 35 4
8 55 70 3
15 10 48 14
13 45 78 1
12 16 40 -8
12 11 36 5
-10 31 57 7
23 28 63 15
1 13 72 -19
9 44 42 13
10 21 64 -22
6 16 71 13
18 37 49 4
4 53 65 -6
24 42 47 -3
-15 56 66 9
20 47 30 -21
8 16 57 -27
22 10 41 -5
23 55 46 -15
-16 16 48 11
15 58 55 -17
3 22 48 -23
26 49 66 14
26 53 52 -19
10 15 38 17
0 50 53 -3
-7 14 76 -8
-20 51 71 16
5 23 54 -1
25 13 74 13
-3 47 70 -1
21 35 64 -20
-20 17 51 12
23 27 47 -27
23 53 69 -19
5 38 58 18
-20 52 74 -26
3 13 66 17
26 36 41 -26
18 31 66 -25
29 16 58 -13
-19 29 71 -14
-3 56 73 7
1 22 47 19
24 57 31 -2
22 14 48 -12
21 56 42 -10
24 28 55 -11
14 34 64 -21
29 24 75 -27
12 11 67 -16
-7 11 49 10
-3 43 48 4
-18 46 49 18
17 57 54 -12
7 58 73 2
1 29 73 -3
-6 14 64 13
25 21 73 12
28 50 79 10
23 34 79 -6
-6 33 49 -12
-5 43 68 -19
-18 23 38 19
18 55 61 -10
-14 31 48 -9
-12 17 77 2
18 32 53 -24
-14 49 36 15
-19 33 48 -30
27 46 71 -24
-10 23 31 0
24 53 71 15
8 59 35 -16
15 37 54 -26
-14 27 57 -25
-18 46 48 18
9 21 69 -22
20 35 40 2
19 56 30 -18
2 39 52 6
7 13 56 -10
15 12 31 17
-19 11 65 13
2 26 46 -2
-9 35 68 16
19 54 36 -4
-18 18 68 -9
16 18 57 -2
9 57 79 0
25 38 42 -4
-1 37 71 17
15 41 36 4
-16 29 39 -24
1 55 45 -14
-10 57 65 10
7 59 35 6
18 35 73 -3
10 47 35 2
-17 10 34 9
18 25 38 -20
20 59 77 -23
-16 14 67 5
29 52 43 -18
12 43 31 -1
17 43 30 -16
13 17 48 -20
-2 18 71 2
17 44 79 -29
-1 43 36 12
20 47 42 -20
0 45 43 -15
27 37 54 4
-17 43 58 6
4 44 55 19
-8 44 54 12
-16 32 35 -17
-8 33 64 -20
2 13 77 -8
-20 47 47 -24
11 57 35 6
-13 59 70 18
15 57 64 12
5 56 35 -2
18 52 58 15
22 47 36 -13
-17 53 35 16
-11 34 34 -15
19 16 39 12
29 35 66 -19
27 28 43 -3
-8 56 39 11
10 50 64 -15
16 33 46 14
16 47 46 13
29 31 74 -3
15 10 70 5
5 28 48 -24
9 18 71 -5
16 40 46 -10
14 57 58 6
-16 10 53 -16
-9 50 30 -26
13 26 71 -10
25 16 68 -24
-13 26 37 -2
29 34 35 11
20 42 38 16
-3 50 47 -23
14 56 42 -28
19 36 75 -24
-6 10 66 -1
6 32 59 -29
-8 36 44 -23
0 48 42 14
-9 40 30 13
-14 21 77 9
-12 50 32 -1
-2 29 37 4
27 37 55 -17
-11 31 72 9
16 31 31 4
9 18 66 -11
27 14 78 -28
-15 48 62 -15
-4 41 59 -7
7 31 43 2
20 26 68 -11
19 23 39 -29
1 43 44 8
-8 44 39 -29
4 43 39 -16
29 55 52 11
-4 37 32 -15
21 48 40 -13
-15 47 54 -8
19 51 78 -26
14 28 71 -8
-2 34 56 7
13 51 75 -12
-5 34 32 16
-14 34 46 1
24 50 64 16
6 37 35 -12
21 51 45 11
1 19 30 -13
-4 53 54 -16
-15 17 32 -14
5 56 62 9
26 55 33 -28
-19 36 33 4
29 10 35 16
5 30 66 15
23 33 62 -24
26 20 56 12
-20 50 75 -28
-20 25 66 -19
-10 44 59 4
-20 42 36 6
14 50 47 2
