725
706
962
943
903
719
896
727
539
870
913
668
895
812
674
712
548
645
742
530
843
806
891
549
630
955
841
932
538
539
659
931
978
674
830
574
987
656
575
725
967
754
759
507
656
625
549
596
603
669
1000
939
789
729
808
515
617
557
845
588
504
797
590
623
658
959
816
512
870
845
882
999
700
558
893
862
790
758
833
722
977
513
719
754
997
867
735
702
787
833
757
559
647
983
536
660
511
906
959
626
825
875
834
519
774
764
986
628
544
925
973
506
594
901
712
761
695
625
695
852
927
577
883
566
578
628
630
929
738
548
521
791
764
830
714
579
802
627
870
618
586
856
585
735
636
755
826
871
627
935
784
851
638
557
994
706
882
856
612
753
832
991
606
830
776
998
550
557
562
628
542
814
993
825
602
760
848
707
543
620
592
819
540
585
649
865
546
547
770
986
945
509
871
602
764
902
528
601
566
544
589
759
955
950
621
854
630
749
924
516
965
914
949
813
995
937
842
691
651
663
635
904
677
644
562
654
832
879
972
946
782
590
939
962
960
516
972
816
955
816
952
680
899
978
957
791
724
886
975
677
630
