-26 334
145 420
398 160
254 370
453 291
387 349
210 405
123 421
233 357
68 -59
192 289
109 130
185 3
105 -22
182 -49
281 148
282 -2
216 441
361 320
5 345
106 30
216 390
423 405
103 -1
36 388
318 81
174 471
87 -24
352 241
204 85
396 125
288 81
-21 300
417 436
16 -30
370 170
436 151
133 376
-24 345
309 207
351 87
-35 54
52 255
354 75
249 84
247 -46
380 312
60 135
65 286
293 299
293 384
51 -37
295 216
335 487
110 50
-64 311
448 440
-16 217
-9 -48
450 -54
-41 133
367 227
145 168
217 282
276 342
327 328
283 271
-78 -19
303 63
90 -66
273 312
232 -83
97 62
60 300
115 132
447 276
370 385
429 85
165 116
183 158
12 317
98 281
281 406
421 113
245 223
258 132
404 287
257 263
64 437
174 68
-15 107
-15 253
229 144
196 173
452 150
282 367
177 463
290 260
313 263
390 -59
203 195
107 22
186 203
2 19
-49 -20
-29 -88
194 450
136 64
127 339
200 202
151 329
235 46
171 -6
-18 156
305 85
267 -46
67 213
34 -47
155 49
-15 155
296 -22
3 98
101 403
340 27
176 170
204 186
4 -60
364 133
266 125
389 133
387 380
358 477
19 243
333 469
26 251
432 409
365 107
279 22
238 40
69 -31
266 308
374 105
121 44
394 164
27 241
-9 50
82 388
-31 24
376 19
137 181
243 166
434 151
92 122
252 278
159 103
-37 171
414 381
372 300
80 34
346 209
223 27
303 308
-15 17
138 -48
95 408
445 339
111 -14
276 187
183 -26
267 195
-7 34
426 89
239 24
132 121
323 333
142 -57
-11 428
240 101
158 143
-61 449
122 106
87 286
245 436
281 51
36 407
338 33
-32 207
-66 245
325 237
248 78
60 65
7 398
396 31
-50 -15
259 406
346 -32
46 48
163 366
56 406
410 181
-47 9
147 324
176 364
191 389
292 386
354 -47
69 422
62 46
376 420
144 399
114 282
29 195
220 204
398 427
-16 189
114 51
140 128
340 364
-54 179
269 247
124 304
81 120
260 -5
297 327
134 341
441 229
154 379
262 319
-11 468
364 -88
172 109
184 27
427 -53
366 -54
368 58
407 102
40 291
124 28
75 410
365 410
36 12
-15 445
367 105
351 160
-56 278
-14 403
266 58
143 147
52 216
106 67
139 115
416 310
-10 79
117 254
-41 157
294 329
83 183
392 238
316 400
469 106
105 28
197 444
9 160
479 117
381 218
443 190
215 352
61 390
429 136
54 12
89 95
68 292
179 304
342 240
195 239
321 277
286 424
129 -20
13 107
83 307
352 168
119 75
60 -54
87 164
341 -5
137 -20
307 317
415 201
259 357
150 42
130 333
314 94
40 196
79 58
350 324
209 155
432 352
354 220
166 106
-2 319
9 122
28 104
327 242
-12 195
358 91
431 310
347 386
451 75
-12 10
44 289
469 133
416 195
393 385
225 118
261 439
166 275
255 -18
426 261
255 35
141 -58
209 126
465 238
108 109
109 -23
113 301
355 185
176 363
-77 201
430 -49
117 101
138 288
398 120
62 442
359 100
268 283
67 214
84 142
32 124
339 142
93 153
197 232
444 393
215 302
357 207
16 397
7 229
454 290
0 273
282 336
393 231
211 245
454 283
150 56
115 27
167 194
-26 189
264 -28
441 391
264 178
202 387
253 374
445 399
241 26
243 256
35 199
161 -1
394 -20
23 250
208 19
329 110
352 372
459 474
363 122
211 -42
-34 80
184 411
441 266
445 305
56 166
303 223
-64 159
226 253
26 280
100 21
27 -22
-14 102
154 219
85 129
415 113
118 374
65 98
60 113
283 457
53 76
392 88
185 461
107 89
83 0
-48 0
338 64
375 386
201 268
132 -25
329 -60
269 144
126 283
304 162
217 167
80 427
54 176
345 330
27 191
231 215
-34 423
283 302
261 21
387 55
121 167
348 449
362 292
143 16
399 -3
94 189
78 143
469 395
157 166
340 469
134 65
128 442
105 299
-74 -59
25 391
102 42
162 331
28 114
387 410
258 330
238 264
343 179
333 43
81 175
348 307
171 246
413 5
-50 266
66 9
426 476
-81 382
249 -11
4 383
366 113
13 12
398 417
137 228
-2 216
206 341
291 185
104 430
63 3
70 365
313 323
44 295
-72 264
-35 194
401 17
263 393
389 53
413 219
216 -24
393 1
-1 -36
-50 203
60 276
74 263
380 14
80 99
4 445
170 406
174 34
88 199
-42 7
250 283
89 78
226 151
94 377
273 227
391 -55
356 403
397 -4
240 135
114 453
79 294
309 -36
278 486
74 105
208 238
156 376
15 219
261 -40
355 197
54 315
207 54
285 81
147 143
297 129
84 442
289 161
275 38
179 216
163 348
238 173
50 109
363 209
105 196
131 107
209 42
146 -39
59 261
56 368
110 129
435 322
216 -19
102 451
340 -18
398 97
156 370
44 -6
467 184
247 321
368 409
194 195
-39 141
354 413
226 127
116 295
171 131
141 129
322 77
178 358
147 16
-15 76
223 -3
34 391
451 -31
244 25
451 88
373 431
181 350
233 69
376 28
240 487
217 151
21 297
211 294
477 93
-66 327
127 319
95 110
-15 394
424 367
454 -24
69 459
33 125
-22 119
200 31
2 -21
439 236
271 495
273 10
-66 29
328 229
441 3
40 158
67 219
78 321
340 350
-51 255
371 125
131 184
357 38
-27 -3
37 58
357 267
91 33
35 416
307 -56
56 411
142 228
210 128
373 137
-17 102
159 86
61 112
233 37
94 216
188 -75
138 -31
113 12
437 338
63 467
-26 35
208 132
421 346
208 225
190 225
-25 345
181 160
134 179
126 29
441 332
118 94
49 337
80 177
327 318
223 138
445 139
225 -21
419 224
384 5
379 -52
31 220
407 254
449 86
54 270
81 55
142 104
-5 164
174 126
215 359
340 357
57 395
360 215
257 335
354 83
139 333
227 384
285 45
63 307
61 -61
343 125
-8 443
216 281
284 295
73 113
-1 442
355 105
252 133
-4 133
439 117
363 102
143 139
360 353
168 130
409 385
263 75
158 316
327 108
43 326
79 398
148 52
281 129
200 241
347 108
45 331
338 376
188 347
260 93
114 243
36 144
-56 68
97 21
185 81
425 364
438 301
206 283
276 464
248 54
273 447
256 -19
58 47
325 228
182 343
282 141
265 174
-28 419
95 1
408 168
117 -77
450 431
351 1
295 21
326 -30
215 247
-29 466
222 341
361 51
465 489
357 253
69 289
117 433
-6 423
331 62
173 -61
107 114
173 158
25 -11
336 88
273 388
171 178
294 46
453 180
-56 213
263 174
362 109
314 79
410 273
89 -12
49 397
366 228
313 390
-2 -42
380 127
59 28
256 307
201 309
370 431
429 291
162 303
54 369
-25 336
478 53
316 383
173 114
244 116
432 226
124 23
254 352
91 210
155 213
412 15
87 378
199 232
90 463
204 295
237 257
282 66
21 117
443 18
333 333
115 268
352 420
-72 382
349 386
-55 233
-48 283
18 165
250 415
46 363
-85 -44
225 255
17 286
361 223
204 113
27 230
187 213
192 -2
129 108
181 437
-20 113
419 94
178 50
277 142
342 422
405 236
14 395
18 157
327 272
257 443
-16 218
344 106
-46 286
-26 284
210 144
407 192
120 181
194 288
256 -46
-40 237
80 361
177 96
99 34
34 3
102 335
23 151
425 105
298 0
318 84
192 272
140 -46
162 221
433 307
285 374
48 267
-24 338
481 271
289 -10
275 138
168 431
345 -81
-31 176
420 148
161 135
131 411
12 340
-41 97
3 291
22 174
42 286
48 1
298 327
237 312
11 61
357 -8
303 11
225 311
280 346
359 324
409 95
12 295
192 1
-20 61
16 -26
-7 29
276 214
350 128
397 430
258 390
70 -11
320 57
167 381
243 161
232 425
171 6
409 268
347 173
438 200
45 242
226 106
10 425
135 192
-19 23
312 129
334 334
166 221
40 356
-21 411
202 316
10 441
484 201
208 209
419 -25
241 51
332 227
189 -41
43 211
35 347
201 65
216 217
117 111
328 68
61 85
-3 71
301 196
29 191
258 120
339 172
16 370
468 431
415 378
-7 438
93 136
224 406
33 154
250 342
56 188
-14 242
395 30
344 67
78 249
432 -31
217 36
142 44
254 322
385 153
376 449
263 245
128 -81
313 66
43 -27
253 165
473 -2
341 490
450 152
407 101
99 322
104 36
126 458
460 109
353 498
286 164
53 2
285 148
320 240
20 292
90 26
128 32
-18 42
389 24
69 375
213 411
334 -31
258 192
438 -8
129 327
296 333
205 -61
-40 -41
85 289
233 117
424 -25
129 -14
116 368
40 19
263 122
199 323
378 267
285 5
307 162
221 16
-44 146
337 292
204 -41
371 246
417 71
339 32
41 279
125 64
458 262
327 460
188 460
213 89
264 7
254 378
236 107
32 268
-19 157
295 108
218 373
99 -77
-30 162
138 103
315 -33
71 367
393 296
67 -33
-65 56
156 231
124 469
76 208
188 326
-72 258
41 45
54 -19
339 -13
353 243
-32 202
398 144
266 369
94 139
92 227
-59 206
432 385
104 238
349 187
250 374
412 183
-27 60
-52 -64
229 43
1 -49
375 69
99 359
-45 241
270 -24
386 184
-40 243
335 -25
176 195
-32 270
-6 35
50 363
91 368
28 -16
-2 242
147 262
269 243
43 256
288 174
113 207
310 255
306 -22
106 365
435 344
-33 30
94 252
381 315
406 255
370 14
215 200
206 322
52 70
306 340
467 -5
188 81
136 262
400 100
-48 397
368 142
59 275
102 101
253 274
2 33
356 1
467 81
331 289
8 162
98 36
143 22
424 248
191 316
-4 186
55 405
246 381
452 434
224 39
42 191
261 61
-26 123
402 384
92 33
136 155
441 284
138 189
346 138
159 270
118 -47
262 464
255 468
18 206
264 158
419 199
355 140
358 73
460 259
278 451
194 330
-10 407
316 407
191 296
-23 394
178 152
90 63
231 178
48 383
227 180
410 -65
26 157
138 -33
187 366
279 207
450 24
-42 37
185 320
269 19
-27 429
370 339
62 20
368 346
142 214
181 81
100 275
-4 54
430 243
189 111
94 200
186 -23
92 -18
59 -52
418 69
105 408
272 414
-48 254
388 432
70 410
31 482
336 354
463 171
360 33
20 327
36 -12
-77 163
439 167
402 377
279 -40
278 27
399 425
4 352
258 13
63 414
21 -45
63 139
228 232
10 403
144 261
41 -28
181 10
447 284
393 419
250 156
370 96
261 39
190 428
-12 179
282 266
-2 21
409 122
309 130
205 -52
104 117
418 158
-16 82
51 389
146 385
371 367
302 306
309 327
28 308
318 0
46 -5
358 323
370 80
259 113
204 373
11 225
401 220
324 313
101 484
114 369
129 459
-5 185
232 339
313 78
236 380
320 33
125 196
248 429
424 450
289 296
116 117
98 331
427 20
32 276
306 184
398 229
272 94
323 371
103 -26
27 311
-19 327
69 175
45 118
351 232
302 19
160 213
114 315
10 89
148 393
384 104
220 112
36 251
154 386
477 3
18 194
101 -81
24 358
440 186
125 293
31 409
82 13
160 99
232 376
330 165
152 44
218 18
196 202
358 278
383 -8
176 379
14 415
213 270
23 15
236 249
183 321
119 238
106 357
309 258
307 393
340 285
2 251
4 236
417 -48
29 22
38 -34
148 305
-40 285
281 421
39 4
333 -15
6 334
13 1
-16 78
-1 262
371 209
351 183
257 118
52 279
69 196
345 63
425 338
13 320
155 324
182 436
263 -29
135 384
342 68
443 308
162 131
286 79
95 73
115 450
244 -9
100 203
304 368
139 380
-5 -71
226 259
134 211
1 -22
262 86
214 162
347 187
275 -28
382 442
159 82
82 -60
-24 318
225 341
354 -71
175 466
340 251
185 398
313 191
34 400
116 244
189 -9
10 478
-64 191
171 38
118 370
4 273
165 387
-19 246
-9 180
120 74
231 393
247 324
240 140
92 57
24 38
376 360
-58 -4
263 250
131 -19
365 384
151 271
382 288
244 404
216 364
1 12
304 94
-75 12
92 408
204 208
358 360
339 109
262 55
210 375
145 200
-85 355
152 192
57 205
314 169
294 201
325 102
253 181
176 311
211 156
204 -17
52 228
196 35
246 -4
189 392
-43 402
-4 -21
272 146
-37 172
345 295
422 -17
444 263
321 190
201 194
313 275
138 94
83 -39
298 161
93 287
46 482
204 302
76 187
188 343
290 354
63 270
-7 467
195 134
463 -58
355 118
311 257
120 110
58 25
-10 289
217 164
314 321
344 83
152 277
392 368
393 -20
-15 14
85 196
243 111
190 94
455 -81
274 -44
242 286
67 169
92 148
358 178
317 191
206 308
107 282
218 381
101 90
219 473
-56 225
324 -33
405 121
129 0
356 44
58 227
85 378
396 137
122 60
151 8
346 3
364 451
-30 -38
379 379
396 226
2 348
17 452
379 291
-8 152
101 122
398 435
154 330
370 17
-55 306
302 -34
233 23
45 160
407 51
366 307
255 193
-33 51
218 324
91 327
248 49
-55 132
62 429
-15 438
476 59
120 172
88 293
50 165
137 434
-14 319
27 417
168 133
423 92
311 172
139 253
18 321
194 88
-26 416
68 261
-15 -26
75 109
398 219
163 420
-18 152
124 -8
155 102
11 216
343 156
164 268
-13 198
36 423
-19 363
48 415
324 330
-88 453
-34 356
63 43
30 369
143 172
89 33
193 338
-44 102
349 87
222 59
127 186
222 206
83 190
67 22
108 15
304 233
212 143
-4 202
288 23
443 226
201 174
384 103
243 -47
334 -21
132 467
79 128
226 3
77 166
151 237
260 194
104 197
225 180
157 -62
279 61
129 -20
196 69
108 8
289 329
238 312
433 21
347 325
48 174
107 -14
46 24
17 422
178 183
338 407
30 -35
407 38
283 349
104 -27
251 270
239 131
86 281
74 33
-4 356
53 68
327 17
20 363
386 18
15 232
342 21
269 -77
296 415
14 116
208 -49
293 32
-34 302
-1 331
28 121
184 23
134 41
302 -5
122 440
378 228
392 357
322 450
235 172
64 259
431 149
171 6
122 250
373 387
472 176
61 25
335 51
398 166
255 433
252 115
-64 226
361 146
-72 18
174 2
277 73
353 260
116 397
164 181
97 125
331 232
225 31
64 70
423 169
145 70
138 -8
460 297
-36 123
386 177
147 139
-22 71
384 353
102 -30
325 -86
350 277
-35 397
10 297
119 279
147 186
381 -23
393 -17
27 7
349 44
147 13
-1 17
281 398
140 280
412 148
373 370
36 259
53 266
-70 315
-6 176
416 -76
415 295
224 241
239 148
295 403
6 159
119 286
282 263
387 101
-33 215
-92 155
264 106
91 -10
193 251
-39 92
262 367
340 -22
377 79
371 359
244 147
57 308
453 115
16 50
281 173
63 121
-1 31
194 43
410 255
136 297
231 138
256 15
-3 33
22 -55
304 330
275 134
75 291
120 311
118 349
169 261
145 280
230 203
72 316
253 -56
334 130
277 143
17 27
351 432
311 198
185 268
435 169
252 -39
264 192
328 2
218 64
-17 331
23 80
19 22
363 121
205 357
409 77
96 181
344 -8
253 161
-13 328
356 258
275 114
-9 77
172 362
124 -58
144 63
427 379
425 232
257 -51
206 268
401 316
61 406
267 -66
168 2
-10 484
236 352
465 184
333 -81
274 115
-1 281
454 20
219 483
436 219
269 -33
369 261
377 313
59 257
422 267
231 135
242 161
437 83
178 297
371 159
111 -27
354 306
242 61
393 29
398 297
-23 6
1 14
181 367
-18 205
366 74
155 101
105 267
59 373
158 408
20 195
465 123
287 228
384 -51
334 345
417 60
39 8
119 116
302 235
122 106
-72 303
206 104
261 -43
359 293
239 42
223 308
-15 137
9 447
27 40
213 382
303 215
338 137
465 319
299 104
389 391
384 221
19 26
331 311
101 346
307 204
40 271
333 3
345 457
329 -55
77 94
-39 231
181 282
165 418
295 235
384 285
72 78
396 153
127 393
24 431
342 410
-9 288
148 366
324 174
256 345
187 156
171 312
49 -30
1 -42
376 -4
23 293
441 106
68 193
215 311
160 58
75 361
79 301
188 -60
323 63
132 2
226 235
42 320
119 347
-42 425
56 91
-21 195
367 264
7 21
158 -3
337 101
23 244
331 335
246 160
375 150
118 64
257 240
238 -14
121 181
-9 455
41 435
313 -44
52 39
53 -17
451 145
256 254
-13 433
122 370
380 354
138 269
462 -23
326 378
334 202
375 -70
282 112
393 -11
152 228
-29 135
406 321
236 255
340 94
176 57
295 81
297 90
306 214
286 338
326 144
231 337
1 474
181 326
256 -45
167 98
173 206
-6 40
317 131
172 85
109 16
32 436
382 387
286 323
429 118
124 313
312 176
194 -19
258 170
8 236
366 414
183 -22
258 338
-22 380
329 226
49 44
128 331
105 -13
347 57
396 -8
164 101
78 40
195 366
401 478
107 39
299 359
310 239
147 11
-8 287
256 239
118 166
26 267
331 451
411 436
281 -31
367 251
165 92
318 264
118 5
177 35
49 134
273 254
43 197
133 -17
59 220
390 158
227 376
289 59
388 295
394 18
313 93
403 119
219 91
171 466
358 17
211 122
352 1
6 318
460 268
378 218
211 370
45 149
402 146
296 457
165 49
107 58
433 442
44 84
10 333
37 220
128 326
389 143
288 425
249 48
423 356
27 101
401 370
53 130
51 1
-30 -32
132 324
328 217
170 257
398 333
253 19
379 343
-33 259
104 100
421 323
449 371
158 105
379 122
-53 323
411 108
183 433
300 91
423 -60
402 227
-16 108
69 220
7 278
327 80
54 306
44 198
423 176
422 182
91 154
45 231
-65 156
348 163
277 166
305 163
144 145
182 181
136 108
297 433
316 146
347 373
334 57
65 141
-6 37
412 111
316 181
226 17
347 75
199 374
312 160
214 93
157 154
279 208
15 230
354 357
202 255
237 40
216 107
91 333
402 -15
235 221
327 294
35 -64
104 174
228 288
192 -29
278 184
136 121
7 240
-11 385
-20 83
218 105
228 387
74 244
-26 178
-49 173
306 439
251 262
139 172
127 191
196 50
332 92
456 235
179 393
350 270
411 40
-21 294
215 228
347 231
-10 226
343 279
141 316
139 295
12 201
-88 114
194 56
103 205
243 145
303 419
324 454
85 227
-22 -24
26 345
-55 193
363 117
170 -17
148 174
208 63
149 120
42 80
226 148
230 103
378 396
398 391
7 309
173 84
29 306
82 34
228 294
192 -3
73 287
227 35
314 235
-48 100
448 105
228 375
390 263
83 167
254 341
141 -14
459 8
424 239
463 271
51 320
122 356
8 344
140 391
301 73
-35 464
478 73
419 48
236 297
75 311
209 443
295 347
251 390
413 151
415 -37
102 352
445 244
80 87
244 227
-5 171
-59 56
-11 -2
220 235
277 79
256 -50
52 149
388 69
96 362
137 128
196 -57
248 7
257 306
124 280
177 142
222 150
104 341
117 43
43 109
311 334
266 392
450 345
294 427
177 107
160 466
276 254
-9 389
325 189
9 101
49 302
17 175
125 180
429 -54
279 224
413 433
123 386
137 381
445 222
110 402
190 327
48 203
311 165
61 60
80 424
211 129
278 252
244 4
5 281
368 366
33 394
193 306
387 408
405 180
133 122
471 159
80 28
-43 316
420 -19
222 223
-52 96
473 387
40 72
323 19
45 388
256 46
56 72
201 167
441 19
382 448
73 120
47 351
136 142
19 223
378 262
100 451
265 189
176 337
59 -32
298 239
67 269
184 232
161 -12
230 22
-11 130
16 13
63 59
414 70
404 35
298 200
229 32
384 249
198 -18
136 376
131 117
276 352
154 118
22 434
322 -4
36 307
-40 162
55 38
326 -21
-23 333
205 176
126 324
385 320
333 320
352 329
-34 -4
417 159
393 309
-42 440
264 233
16 -10
339 224
462 -72
114 284
389 -13
343 -6
460 96
400 210
322 144
130 299
292 445
349 162
175 271
124 204
-1 167
276 310
388 461
364 310
92 114
239 285
113 162
415 7
-17 394
150 469
247 233
269 59
489 414
64 67
398 360
-59 353
160 363
-11 371
49 433
296 337
255 401
113 165
59 308
202 161
127 472
109 413
142 211
106 305
211 116
224 210
314 365
249 241
227 396
366 233
38 298
163 309
119 41
-84 387
354 300
141 408
81 128
205 389
383 303
26 72
24 338
14 287
351 95
355 159
87 134
9 209
236 47
386 298
383 215
495 81
222 282
442 136
359 228
406 175
375 399
56 231
33 -73
279 423
333 -5
166 -6
56 142
376 110
251 338
422 303
286 374
-67 209
359 292
-61 66
114 442
408 182
234 424
351 287
373 199
35 182
388 136
86 265
-14 218
401 378
397 197
424 -34
29 33
175 66
392 307
342 384
466 433
107 390
100 39
366 109
43 441
259 361
13 492
56 226
197 -70
382 229
445 314
250 391
345 109
70 216
247 235
53 111
0 0
136 47
284 -34
291 -32
112 132
236 321
230 343
113 32
272 112
17 408
76 147
21 312
38 119
33 50
82 -85
418 67
197 312
392 261
230 294
217 135
421 356
47 -10
300 490
132 -29
-35 363
405 329
31 22
29 402
208 12
278 102
27 -43
335 441
250 -98
107 347
447 287
-37 247
397 364
270 165
319 215
185 294
95 415
338 -34
356 463
295 129
59 139
452 298
76 104
250 319
-30 69
178 116
114 133
87 9
147 6
423 -92
411 420
277 -9
278 -31
19 337
225 359
9 33
291 48
303 136
319 264
297 390
10 344
102 349
205 156
111 56
37 329
484 -20
205 83
383 481
433 159
409 316
152 373
292 50
340 89
311 411
219 -59
86 39
425 328
43 155
335 249
293 127
437 84
2 244
426 -22
306 51
346 82
409 252
43 160
336 183
374 47
-8 314
236 180
155 419
132 490
332 382
209 101
320 59
381 290
25 63
302 -21
154 123
36 274
-18 222
443 411
393 238
329 71
293 146
430 154
342 354
317 161
4 273
172 240
316 189
439 127
-33 266
194 328
-1 484
354 299
123 272
97 -48
423 87
73 376
328 -32
24 138
421 329
98 340
84 -57
336 191
-63 -12
-22 178
239 314
359 335
381 53
-50 125
234 216
347 10
82 96
174 12
312 143
84 175
398 166
92 229
73 36
40 107
138 191
33 462
462 3
-7 70
72 352
79 416
110 196
403 136
123 170
401 363
225 95
232 205
279 383
451 159
-65 31
-34 52
441 371
205 127
45 229
188 147
444 437
93 8
350 93
475 228
104 449
24 178
315 -41
466 336
170 337
431 229
234 242
-11 83
204 365
67 189
205 120
8 268
105 189
8 333
16 220
109 376
346 401
7 74
-2 461
177 111
109 280
145 409
334 80
317 -46
150 12
318 232
187 340
342 78
359 135
344 292
-26 155
111 370
142 298
456 68
86 331
457 169
138 432
348 429
68 190
-70 126
300 243
157 71
109 118
-48 -14
346 26
116 115
190 143
62 -31
10 43
70 374
226 363
369 18
159 -18
323 55
30 285
403 391
141 235
157 124
417 279
63 399
438 -19
350 402
91 -3
334 296
75 6
21 246
68 288
39 69
250 284
391 189
21 -23
214 173
2 -43
51 274
289 54
-61 156
475 158
157 92
-55 264
444 14
-6 27
310 -38
427 297
426 262
277 224
68 397
269 -23
339 28
166 344
42 37
178 43
305 34
397 108
293 209
247 19
363 -25
121 108
402 407
315 192
425 170
86 355
75 -23
42 399
455 385
228 67
429 -72
-7 36
118 142
276 219
241 -8
431 11
402 6
145 18
269 166
180 199
-39 436
-21 -67
30 431
168 322
238 66
307 267
49 134
20 362
10 386
352 278
187 141
91 185
174 233
358 397
12 321
37 180
263 335
230 211
282 390
379 290
301 -4
191 77
439 199
136 153
438 276
229 39
418 154
-7 351
220 14
380 349
32 221
200 329
358 175
145 211
120 -11
372 351
348 199
-61 336
266 178
-42 -31
363 218
215 189
450 364
336 390
-49 39
68 342
65 415
252 444
70 297
262 151
25 225
180 380
398 167
373 147
297 418
432 375
209 53
182 283
-97 403
415 83
110 166
12 47
410 88
369 256
-5 442
255 419
152 67
231 227
319 393
-16 315
1 371
108 297
408 26
270 207
-8 107
63 104
306 23
333 102
341 356
71 321
24 85
61 370
353 82
58 336
394 235
55 -23
215 217
96 164
384 175
214 216
175 372
277 34
220 95
323 215
222 0
102 238
86 101
325 125
378 233
126 384
331 14
117 204
374 440
81 -60
-34 178
328 462
99 2
256 385
190 113
402 416
-9 473
10 37
274 98
214 370
381 90
331 418
39 158
354 399
477 191
275 486
-24 173
111 100
16 93
195 306
298 132
27 446
181 124
278 -19
415 352
335 59
44 51
204 285
97 392
356 131
161 -16
394 31
311 69
39 153
114 281
127 239
218 11
88 9
160 -1
384 193
36 35
129 277
189 182
343 29
380 37
-20 341
363 6
19 -30
299 107
153 137
-23 430
449 161
59 207
406 341
100 220
-53 243
195 323
69 316
98 149
480 361
168 25
249 164
-18 137
428 135
65 366
287 243
420 108
392 357
33 345
205 314
165 433
243 -46
122 359
226 -40
92 123
313 228
132 173
250 71
253 60
406 451
-34 381
250 290
1 215
288 34
17 -48
273 -36
327 387
388 357
176 -51
139 98
287 96
103 10
54 342
209 199
114 194
366 82
69 97
-18 365
235 215
-36 139
121 384
3 -37
-14 202
197 -18
49 368
249 316
171 74
-50 118
209 424
214 253
431 419
387 57
330 55
286 322
106 313
90 53
423 -68
313 147
146 26
284 356
403 292
361 136
61 354
186 32
141 379
118 368
374 -14
420 305
375 30
140 316
401 35
192 84
429 422
60 152
339 408
264 442
-68 362
382 208
-25 3
408 162
94 396
48 415
410 146
242 286
33 329
379 367
-62 18
140 -51
421 345
336 386
369 399
-51 70
-40 252
115 357
399 -80
446 220
209 65
359 267
442 446
169 -31
64 93
211 194
136 362
392 90
105 392
262 149
436 114
391 334
382 403
369 -65
151 6
97 88
200 311
38 -7
272 373
17 308
360 67
440 20
-86 -2
150 -11
-74 21
59 413
76 238
34 64
325 -10
149 231
16 94
93 145
171 462
43 464
398 -61
99 -32
382 21
407 397
222 129
-55 88
428 291
119 282
393 320
426 155
416 323
29 163
347 183
33 399
-28 174
197 283
30 31
298 344
224 33
150 279
179 284
104 68
388 125
64 160
419 74
214 202
49 273
47 151
-38 -28
-20 298
310 72
-13 19
394 327
57 203
79 -23
209 255
373 400
-39 242
249 17
248 451
-42 85
316 402
283 -48
341 118
410 131
-69 89
429 214
371 281
432 350
61 2
307 59
-42 312
-16 341
182 20
154 190
31 491
79 -63
143 216
177 400
352 285
315 54
120 251
372 57
339 436
242 144
223 107
69 157
68 402
268 307
393 148
312 435
298 252
79 179
43 375
429 357
121 138
157 147
172 -8
318 61
145 287
394 328
257 175
390 -55
311 280
8 366
364 40
371 46
306 -62
365 261
232 371
-7 367
350 263
224 4
291 -5
-25 50
80 407
422 353
312 273
165 61
295 1
-10 214
322 173
405 177
-21 85
204 233
189 435
435 202
281 17
301 363
6 171
386 148
132 333
196 366
400 61
354 351
-8 317
433 156
431 128
121 323
274 397
264 9
28 129
246 -26
320 352
-62 87
277 300
163 48
125 100
150 353
470 368
383 53
-26 183
321 421
393 115
236 41
345 -54
382 173
201 284
317 319
472 420
156 143
75 -42
347 372
178 347
122 -7
405 258
213 44
-19 286
5 76
201 183
287 55
381 68
156 212
417 59
78 349
410 346
172 465
160 361
385 81
285 211
342 74
116 259
104 65
85 114
307 25
322 273
320 123
339 367
123 271
359 16
324 404
241 -20
272 19
299 217
352 231
132 -3
116 108
420 199
16 322
126 218
342 261
319 0
113 271
209 415
387 368
110 253
210 159
168 12
-27 171
-12 341
124 183
46 240
211 147
394 107
-90 361
-24 88
98 188
58 243
76 121
344 180
-21 253
214 32
234 189
400 360
428 356
25 47
44 -10
80 79
162 175
323 180
212 284
275 79
191 103
133 11
251 -64
436 134
306 275
454 247
387 34
-58 13
255 338
207 442
159 16
254 283
270 71
387 346
347 104
95 242
440 343
214 21
216 404
241 281
165 19
312 397
196 437
201 223
207 -17
166 10
-23 15
294 393
140 -11
-1 133
179 394
476 132
231 104
192 283
213 48
315 -7
460 100
167 6
323 -26
380 383
69 128
298 127
473 146
222 240
371 244
308 405
-67 428
290 469
183 121
-62 -57
419 330
46 238
194 100
367 4
426 250
88 -61
323 236
372 372
327 34
328 99
298 352
395 323
434 48
277 275
180 161
178 279
147 305
-9 -12
300 71
28 356
0 108
398 248
90 -26
346 127
181 203
203 7
290 397
342 317
-55 -4
309 203
274 -79
79 136
371 200
72 179
47 126
330 157
337 455
413 66
-10 340
289 268
312 213
31 433
452 326
327 380
426 446
26 308
249 38
136 394
-31 104
346 -17
371 118
284 -65
199 335
108 177
172 172
329 172
295 120
-29 384
115 93
432 44
167 140
232 74
24 308
251 434
351 146
101 236
372 364
245 317
380 421
20 106
421 164
397 23
-24 85
413 91
14 13
-62 6
33 252
403 -8
221 331
51 -70
426 213
-39 410
22 -22
185 269
136 86
258 3
326 54
228 229
198 161
80 31
154 66
62 187
380 -76
342 149
-45 11
167 199
438 65
115 141
-15 310
-72 149
-2 441
193 121
-30 5
283 205
5 244
-41 73
268 272
183 90
4 129
92 229
378 377
-67 118
32 26
17 69
1 10
314 -9
125 225
232 -48
234 352
160 -7
405 23
241 352
59 247
79 243
198 111
353 323
9 295
411 -35
351 455
161 426
-34 -5
126 254
376 82
112 112
177 -8
256 12
210 191
182 -61
394 39
70 -60
56 -89
204 282
166 202
367 222
370 410
397 20
288 114
46 266
13 84
274 26
112 162
203 267
195 272
-96 -61
143 31
201 242
103 336
81 194
368 126
231 -37
366 81
-82 19
431 217
89 426
395 43
193 444
29 393
266 106
6 -9
396 25
-28 309
417 381
167 161
289 346
234 270
333 337
120 395
212 -69
31 389
336 392
181 395
104 120
274 52
373 76
-13 38
49 396
387 52
371 217
341 27
272 328
182 269
72 188
271 209
303 188
92 143
231 330
233 419
280 376
304 136
327 322
443 6
50 291
418 180
105 446
486 411
431 -77
31 152
279 66
362 378
380 -2
-54 -4
-39 166
377 453
-2 101
167 250
452 -11
289 19
357 115
172 341
405 165
161 -16
338 354
-35 351
83 142
174 -33
364 397
433 35
266 98
275 44
193 111
151 257
419 56
368 169
194 373
48 418
17 268
162 356
172 144
-64 -27
253 69
-20 227
247 421
49 -28
201 288
418 360
72 -1
41 256
56 201
156 148
346 432
347 361
318 284
279 303
465 341
-68 343
448 420
426 53
-18 410
66 257
309 295
365 281
208 47
188 249
161 171
328 45
304 99
206 53
229 208
9 98
196 -64
400 398
36 144
354 104
-38 264
185 44
142 86
382 280
74 44
175 135
163 -54
331 54
259 43
328 278
-40 71
108 151
201 -17
262 338
412 422
374 435
140 223
8 311
376 287
324 363
344 -22
23 45
362 201
406 -68
398 401
377 84
-8 134
340 268
485 68
69 295
142 28
331 172
306 91
135 312
95 -8
118 206
88 169
184 81
22 119
197 135
-21 412
259 123
242 59
30 191
23 46
137 69
-44 276
234 342
181 204
5 25
278 135
-74 19
280 306
275 141
208 76
315 -9
257 79
275 375
156 307
-28 194
54 336
89 260
20 312
293 201
125 366
-18 103
475 107
443 141
158 207
182 163
250 187
-31 225
355 71
392 191
216 378
359 455
50 -71
7 69
264 50
85 -28
259 181
405 430
333 340
124 448
196 293
90 73
245 195
336 359
-37 93
145 -43
432 29
151 144
-16 373
178 125
318 332
123 348
105 21
42 354
132 193
167 -52
368 52
120 309
225 80
328 218
167 384
3 452
257 125
277 239
193 27
118 164
81 339
445 290
-16 322
59 192
319 32
330 81
444 104
285 269
53 422
84 430
361 279
271 396
3 194
394 14
352 -26
347 87
384 383
65 53
420 20
225 427
345 447
375 -78
398 170
308 119
28 97
186 16
364 -17
348 368
318 400
229 243
-31 406
284 -9
157 -23
393 261
5 155
444 110
-14 40
160 149
136 305
173 -6
315 153
441 401
336 333
1 86
51 372
-54 -32
113 6
315 276
30 400
470 274
359 163
216 186
429 269
-53 302
264 428
230 25
244 401
361 81
229 0
-1 69
48 -33
235 331
359 132
323 209
105 227
208 47
239 180
77 243
49 0
-5 250
152 360
69 113
244 355
22 109
98 319
47 297
423 20
157 206
310 399
360 92
408 275
220 210
399 446
-6 198
198 291
132 45
210 321
336 323
151 -42
399 210
105 -37
244 422
-10 390
272 267
42 334
-54 389
-26 421
77 249
196 261
37 329
-44 -59
150 420
208 332
253 390
258 158
306 44
300 69
161 124
67 141
308 124
159 420
465 234
363 243
226 126
55 365
-58 189
203 310
308 151
388 47
69 -55
297 99
51 203
310 340
-4 154
-4 401
389 182
-31 377
68 392
277 423
-24 264
162 62
-57 263
-14 192
336 281
320 -13
472 322
-33 392
343 244
88 247
319 230
-38 167
-88 54
408 -4
109 63
177 403
140 154
142 -44
109 -4
355 320
-40 418
346 272
115 55
164 219
362 357
90 427
-32 235
377 365
435 310
352 127
339 383
98 464
257 23
215 183
-28 309
-43 289
338 437
300 222
179 310
287 160
449 103
-58 385
141 217
226 92
251 28
405 128
-58 180
399 -50
37 227
274 347
172 -51
4 259
333 414
-73 193
17 117
68 56
280 -30
62 -44
76 328
319 312
256 178
407 183
337 259
382 442
64 25
5 52
141 197
79 425
337 86
364 -62
83 315
-31 355
34 286
276 147
39 147
74 318
374 441
130 313
178 250
341 318
139 240
-67 -30
283 276
65 53
77 432
417 275
95 100
455 102
419 408
-93 159
132 328
333 239
301 422
182 373
148 318
178 355
80 -1
178 369
298 -37
139 101
147 423
460 -39
302 370
-10 309
282 326
75 165
93 218
349 6
162 127
67 49
198 134
388 70
325 192
232 57
154 312
449 35
274 371
231 317
392 262
374 290
261 301
403 0
188 169
235 147
450 270
56 363
-18 392
402 -63
20 10
52 166
255 1
245 182
349 316
-32 460
83 275
36 388
7 221
117 235
187 228
405 324
329 153
27 -66
283 32
218 -30
107 312
56 136
1 151
42 138
401 -2
81 14
326 -28
106 183
57 46
368 75
324 282
272 198
88 -15
284 218
289 115
166 15
132 24
269 39
328 11
-16 -70
91 -7
72 433
6 290
-51 -78
-76 132
-17 157
33 243
152 133
-44 11
229 198
384 409
380 249
169 36
15 143
-96 464
155 124
310 208
415 100
375 394
297 284
384 175
17 252
352 230
58 257
-7 470
371 0
84 147
187 -79
63 6
82 320
66 188
334 279
454 154
383 -60
253 -17
213 378
280 396
90 -5
347 226
173 135
192 37
350 43
176 362
355 342
291 293
-73 174
279 307
72 190
83 4
349 -27
324 124
64 285
190 253
-8 159
56 79
244 125
79 353
338 210
46 -78
279 254
327 285
104 373
182 34
145 190
120 363
-48 284
173 351
179 216
25 439
-84 313
277 9
-16 224
183 59
406 228
313 123
225 409
253 146
138 25
-25 50
-28 304
363 111
163 295
386 -38
156 53
393 211
349 264
116 228
142 360
364 98
228 13
-7 169
355 -52
175 327
49 98
291 376
164 231
102 351
391 159
180 -9
456 339
6 -6
446 211
-29 287
195 133
78 277
311 188
405 356
203 385
238 126
29 296
369 226
205 30
-33 161
373 132
208 272
182 286
173 48
165 227
12 372
200 299
457 405
-5 171
371 321
231 262
51 97
-33 391
176 149
339 231
316 216
84 298
288 403
398 42
302 195
162 17
310 62
328 458
94 55
117 452
338 461
73 97
460 166
485 419
80 361
282 197
379 124
259 81
73 150
429 -17
275 94
122 284
196 45
-4 7
278 37
183 419
394 144
224 132
-25 359
237 216
150 183
50 23
79 -43
-25 434
180 283
47 356
232 202
-28 131
308 464
323 35
241 325
234 221
223 99
247 -20
-66 298
148 422
388 226
122 -29
244 92
369 43
395 165
176 307
50 -21
67 64
281 342
286 278
140 125
373 449
76 430
75 186
86 179
-26 273
127 141
212 272
134 -29
316 29
467 363
287 48
373 49
362 417
214 91
235 25
36 115
410 389
207 172
73 96
-24 319
4 473
71 45
35 185
276 166
219 81
353 111
140 156
344 68
115 264
376 130
380 377
357 69
248 363
-65 17
140 423
375 217
27 158
155 -77
275 72
164 387
419 49
-65 208
33 46
42 465
81 339
341 174
238 26
428 461
227 158
76 172
335 280
430 428
0 68
-18 320
408 399
124 9
489 -42
230 454
299 29
439 61
347 184
205 207
126 37
311 333
423 126
150 1
160 341
418 343
108 39
117 391
217 92
318 40
367 225
94 -53
-66 217
118 -48
207 -3
239 377
55 4
63 -9
104 122
73 102
246 92
180 120
79 239
232 216
-16 81
137 188
159 -28
276 24
334 121
187 223
111 220
176 403
-29 456
248 113
443 68
400 312
188 7
30 186
202 208
194 145
388 -4
77 361
207 320
-7 148
68 323
19 3
189 287
221 199
358 220
222 104
282 215
-51 359
84 99
442 160
430 250
204 196
313 396
361 98
413 89
-30 154
330 434
361 216
292 304
373 115
197 30
317 341
25 386
371 247
-32 181
426 208
387 201
431 383
203 81
355 277
387 300
450 140
-15 -34
24 187
76 73
135 70
301 -22
190 -2
378 -32
-50 408
402 399
360 16
330 433
11 392
-58 406
214 206
331 275
58 340
97 231
448 6
333 268
340 344
187 93
-2 317
16 81
273 274
85 331
-14 410
381 415
-20 437
210 108
-35 158
387 231
409 -12
265 209
180 366
382 223
261 388
365 171
409 404
75 444
26 46
412 23
317 17
261 152
270 135
286 13
405 341
361 24
224 350
152 443
162 191
49 77
397 253
253 409
244 36
31 247
324 422
85 353
161 324
227 247
417 434
120 49
-41 32
390 474
421 225
91 280
137 105
-12 265
251 219
329 100
332 -14
120 177
22 402
130 134
63 94
137 40
-7 222
427 43
-14 435
51 169
250 112
111 101
17 200
390 360
257 105
310 140
-3 164
150 319
270 220
-19 78
97 447
212 296
362 -56
187 261
382 165
411 -2
364 112
376 283
142 269
44 131
349 94
109 394
404 244
129 161
455 111
68 298
309 45
372 158
296 286
312 365
339 22
81 11
115 258
86 370
61 433
402 17
265 334
108 87
443 32
225 325
161 271
58 140
341 77
45 -75
295 162
53 382
416 385
162 329
187 317
302 141
212 288
126 85
-61 208
152 382
407 6
46 329
40 369
310 82
338 34
151 405
227 90
356 108
343 298
167 409
269 220
157 347
339 323
402 376
206 303
-6 379
292 272
432 131
276 203
361 101
209 143
410 235
228 219
36 38
242 62
95 -31
308 368
351 260
356 263
20 59
101 431
9 236
390 -60
355 114
188 142
237 246
232 294
83 148
134 234
173 370
111 124
-43 398
291 462
276 363
238 265
303 273
425 375
-20 282
261 348
355 2
362 182
306 27
217 -22
224 319
445 281
483 30
8 191
254 417
3 165
135 266
-7 -45
139 -15
115 289
288 213
166 -27
204 246
85 290
-5 457
6 -77
154 -48
298 113
346 248
227 403
130 276
-4 -20
356 252
401 90
-81 136
38 152
118 -7
30 23
174 200
105 37
205 181
208 49
198 212
58 79
442 355
262 235
23 332
-9 241
5 -6
138 -70
65 327
-3 116
243 283
217 375
373 155
-59 252
433 314
304 383
209 210
365 28
-46 110
-60 130
404 174
34 111
179 477
311 200
32 65
193 229
319 145
316 132
273 63
315 168
310 130
437 83
347 177
152 345
128 342
185 29
346 416
182 -43
374 273
402 -47
311 149
195 -58
187 140
292 105
109 208
42 353
199 345
345 107
66 -43
119 309
79 384
259 4
-42 119
84 13
-10 233
219 21
125 288
238 -95
232 100
-35 403
-72 213
442 39
398 236
212 113
153 183
205 273
255 427
92 66
43 67
161 313
191 67
135 389
426 283
157 301
235 118
104 67
199 168
299 127
-26 285
375 360
401 356
74 320
236 34
272 156
440 48
128 355
206 190
265 286
408 241
453 -22
206 223
127 236
226 87
432 382
122 266
216 -28
130 419
165 -1
237 371
398 183
258 114
341 73
401 110
152 168
24 93
163 420
99 46
199 20
384 165
27 -28
372 429
9 172
232 8
278 92
72 297
93 187
-34 221
382 133
41 275
172 227
233 216
154 111
456 15
47 127
145 51
403 293
358 316
200 154
95 124
315 185
225 139
448 139
207 58
37 401
421 296
400 256
322 111
261 167
62 323
30 98
-52 233
444 116
10 108
263 -23
208 6
-55 191
237 131
-3 221
383 75
-8 179
-24 87
83 -23
81 285
-79 403
29 -30
273 175
1 433
34 73
291 418
308 228
-8 93
268 63
195 32
363 4
202 161
165 198
167 -40
130 -85
434 101
35 337
138 349
374 432
141 -31
225 -38
333 156
281 369
339 53
256 347
10 337
237 396
205 237
5 389
459 360
81 330
-2 4
138 320
39 21
390 311
208 63
172 -16
167 136
-9 155
138 -41
173 196
266 144
17 205
163 189
236 -11
352 298
319 246
336 27
397 232
478 18
49 186
306 402
157 103
423 336
15 181
278 244
-10 159
-26 111
93 208
215 338
39 231
6 89
181 20
167 245
150 257
201 -31
-24 399
46 442
399 91
367 369
195 169
248 283
378 118
216 440
195 -58
134 105
267 78
289 41
16 378
14 289
295 278
325 232
400 492
64 134
218 8
429 80
77 146
370 -56
2 90
175 153
414 -14
93 312
-27 33
329 237
-5 145
135 168
138 213
131 140
113 439
197 332
297 -42
108 47
203 99
69 332
-37 92
231 52
377 179
198 376
39 194
127 -44
68 377
-51 115
45 177
297 384
308 314
-44 327
158 5
199 351
382 358
265 -50
333 406
296 296
146 97
119 354
155 -5
344 38
174 34
115 41
18 122
40 399
47 227
445 35
416 17
167 437
327 377
315 137
244 449
186 281
380 48
34 332
434 34
347 270
161 -60
323 174
328 360
141 410
391 -16
301 212
322 426
-55 416
144 351
-59 361
32 337
284 34
338 172
77 395
0 281
368 259
65 -13
423 24
38 -21
146 146
295 327
67 445
398 400
264 367
83 69
268 463
269 255
269 353
282 -55
-42 235
-33 199
201 185
170 332
381 -40
190 23
37 71
26 398
446 88
-5 103
119 203
114 422
416 176
251 318
321 33
171 174
279 37
422 56
343 360
315 201
76 421
246 379
-4 313
273 407
314 228
397 271
-24 237
118 71
110 207
350 273
456 1
0 369
250 86
282 50
30 196
346 351
372 406
180 233
336 401
198 424
108 -47
388 169
366 247
172 -29
303 92
235 441
-14 123
427 70
341 -27
335 182
422 73
-25 307
121 356
190 328
138 96
226 226
65 383
156 395
-48 410
351 249
-13 168
171 3
30 426
446 86
-6 18
465 387
287 -29
-61 294
278 376
46 384
316 130
353 222
328 438
52 418
-32 275
330 28
83 -62
-3 340
162 105
320 156
179 239
56 -40
86 298
354 104
69 1
150 416
152 127
-64 154
304 105
226 -30
408 152
190 32
-52 109
312 71
37 190
105 359
-30 126
461 306
17 69
60 -6
480 134
4 378
160 355
-28 28
261 105
133 282
138 22
172 -44
139 449
20 48
400 208
263 199
5 97
98 254
145 199
204 90
38 448
242 113
121 339
417 186
275 127
157 457
457 261
-14 454
42 -69
390 217
295 190
256 153
-42 273
152 307
-31 -40
226 82
-40 312
66 9
115 208
204 369
18 322
145 328
360 150
110 -47
-18 288
188 328
9 430
-60 426
367 310
76 428
-48 171
371 295
-26 165
278 -18
-10 94
55 254
230 14
291 192
81 67
354 44
47 -73
15 231
218 190
246 265
374 361
420 219
159 6
50 121
-34 42
348 380
163 321
-6 347
115 286
406 185
414 225
96 152
-70 120
443 312
5 136
465 405
181 212
137 146
386 48
337 284
-42 -52
143 86
244 357
223 190
-19 -4
346 239
93 237
42 102
317 332
439 148
153 359
56 194
-34 184
112 -57
0 374
347 77
376 -12
66 50
50 327
61 257
132 463
95 86
148 346
273 185
329 106
338 295
406 190
317 -32
-5 334
263 240
262 261
285 289
407 -35
350 -9
30 193
41 189
176 407
36 126
77 167
297 425
26 77
241 366
380 -10
71 103
346 112
443 275
273 225
364 280
343 114
332 189
163 -80
353 131
-15 16
91 396
42 409
259 382
428 17
-16 -22
-77 324
245 43
289 371
69 142
61 141
28 7
267 108
179 128
159 0
90 122
-1 341
111 289
245 320
101 411
260 327
270 48
82 419
401 159
-34 203
327 179
327 291
384 95
309 152
94 -77
142 366
312 1
122 40
212 208
249 113
201 138
208 112
32 458
39 303
265 29
211 125
402 117
332 354
446 36
56 81
46 28
53 43
416 45
-6 400
382 189
282 430
201 157
197 243
407 326
73 139
431 60
-31 358
246 55
375 306
-11 187
-73 166
268 22
173 62
491 63
355 -27
105 293
143 321
147 423
83 292
395 34
368 25
426 392
445 357
-56 127
288 495
289 174
117 344
31 157
419 319
369 430
144 379
332 24
-3 228
13 96
122 460
331 131
435 352
141 102
142 10
81 432
1 132
390 -46
310 220
302 412
437 408
339 17
-33 74
217 379
241 364
-24 430
103 -14
254 102
325 319
438 196
467 235
-90 138
279 31
203 19
264 233
82 442
-59 294
195 369
31 309
243 159
210 -22
349 191
180 141
129 161
214 120
-56 383
261 354
146 375
150 236
338 393
72 -18
376 127
381 201
298 127
341 -59
-71 164
295 -56
174 195
78 461
125 193
89 417
118 370
29 221
478 80
382 224
239 368
185 340
183 -14
35 197
175 397
103 124
261 425
98 344
-40 173
321 119
10 83
161 8
422 135
178 189
157 84
171 278
-21 305
94 12
206 166
-47 406
221 57
422 10
58 313
-18 388
152 80
93 348
20 40
378 219
383 217
479 114
400 154
450 77
342 321
21 401
247 251
380 461
361 245
406 218
436 257
278 157
361 7
191 387
59 -43
220 49
424 156
205 449
161 288
381 461
465 216
126 210
-60 193
300 288
321 39
-42 106
-18 58
-16 -36
425 180
165 344
191 277
471 22
311 296
229 412
-10 88
61 281
360 343
226 244
-13 204
426 116
430 77
88 -40
314 -52
62 -17
328 26
-27 316
252 149
-58 304
398 77
226 60
472 452
89 348
438 -5
380 140
390 235
373 8
12 237
267 99
419 395
-18 331
143 432
136 46
214 428
283 224
183 7
63 346
27 -18
364 307
275 -3
43 37
419 72
88 395
132 57
167 279
13 31
3 253
-52 92
246 -67
-23 159
-59 -91
156 262
217 356
-61 409
-85 402
282 239
70 402
-28 462
116 302
43 215
228 52
348 -75
193 128
-15 196
-44 285
41 -4
264 355
315 250
-7 79
61 300
374 216
371 46
155 340
323 57
210 -5
13 317
255 37
244 439
111 99
232 238
459 239
210 -15
363 325
-49 211
-2 435
443 -12
372 190
47 310
149 392
370 236
47 299
63 272
222 -8
384 242
95 379
-1 41
376 296
353 343
125 381
24 121
403 245
-61 106
38 404
357 456
375 25
116 54
-57 -54
423 389
65 304
54 466
303 -51
396 129
360 295
236 222
-41 -15
26 252
313 262
-69 421
5 172
444 209
191 274
228 123
379 -3
82 206
262 25
41 278
205 287
1 362
139 8
95 270
149 331
220 183
205 174
308 164
137 -59
252 293
287 348
343 262
0 -20
7 -31
16 175
29 413
160 371
355 427
166 368
33 204
241 386
132 453
381 34
87 72
167 219
88 33
17 248
263 486
-9 62
-47 48
331 242
269 -64
135 179
171 322
230 182
450 207
18 274
120 170
114 163
250 342
88 254
34 386
272 45
-44 279
298 31
116 20
419 13
147 343
-73 92
423 133
55 221
317 394
392 26
146 309
13 150
-14 241
267 257
29 212
372 10
21 425
303 156
-11 162
-88 109
14 241
169 390
357 154
30 -11
102 450
179 204
405 414
180 145
416 100
204 243
53 435
109 380
31 372
-16 127
398 144
223 452
190 23
-44 250
415 275
141 55
2 292
458 102
121 154
57 73
417 57
225 388
382 479
70 160
119 367
90 -56
136 -20
86 226
-9 126
-13 250
275 190
317 188
93 166
248 -14
-11 8
182 250
12 7
331 71
193 137
-19 85
120 332
37 266
31 372
141 222
-64 482
159 403
-21 23
343 231
72 125
57 46
-65 -17
29 301
189 317
186 175
360 199
360 226
237 82
138 25
11 66
330 290
47 191
137 390
4 395
409 416
8 -15
36 -16
54 355
136 444
30 457
286 72
295 422
202 88
267 164
175 281
401 0
24 420
39 285
284 253
-5 401
-96 248
5 295
100 259
137 165
76 -68
21 357
231 446
276 -34
-8 276
187 164
-6 31
327 352
395 -1
300 332
-32 374
326 400
-16 366
362 174
161 198
-55 18
22 390
380 351
-50 41
446 24
186 325
160 365
-23 37
318 -40
451 447
78 165
80 131
210 279
141 105
417 65
235 35
275 157
481 200
25 69
41 37
381 150
210 206
221 247
237 260
366 201
196 252
61 -87
358 1
124 100
95 -63
302 125
138 192
-50 193
424 119
273 317
37 377
124 337
382 224
207 61
359 296
331 315
170 465
232 116
128 164
-57 -14
102 367
123 267
146 471
30 -2
356 -1
-20 389
265 -57
322 345
96 80
-49 94
285 174
209 79
481 -24
277 135
392 70
378 -4
319 128
377 208
78 99
179 148
286 -3
463 323
428 178
79 62
371 49
324 290
401 123
124 300
297 340
-49 139
-23 22
-62 120
168 295
168 63
180 203
284 15
-15 130
-29 14
-81 398
410 284
267 266
293 369
185 338
405 317
262 241
33 260
82 241
36 184
70 104
32 420
31 113
111 311
392 -46
493 265
170 43
227 331
67 300
128 179
150 151
10 143
80 335
281 297
273 268
378 146
-14 24
437 121
383 292
50 307
112 391
379 173
348 128
367 32
101 424
195 71
49 20
0 147
-45 142
410 252
-56 116
-22 365
133 95
351 323
180 35
231 113
-46 223
-54 107
-18 67
377 73
20 309
132 159
56 310
135 208
130 249
371 -43
397 -34
210 296
-61 118
410 239
69 304
312 72
157 10
82 466
269 72
168 351
147 122
137 97
392 81
175 132
44 210
86 410
326 192
20 -66
122 465
314 320
436 393
487 124
24 401
172 349
141 184
116 386
9 36
384 332
34 65
17 363
434 112
138 248
-35 180
250 367
273 107
35 144
-8 236
115 410
428 54
98 -10
395 455
296 474
-10 156
435 380
296 22
-85 138
72 210
111 367
408 268
377 121
81 212
437 35
417 255
392 204
146 118
382 187
296 225
223 136
148 385
264 425
64 -19
366 303
269 490
361 235
358 242
178 457
70 55
24 306
327 -15
242 215
213 -47
142 42
107 9
433 134
140 258
169 82
12 372
430 228
125 407
68 352
207 8
363 62
28 4
132 406
2 286
160 150
36 108
427 53
-4 -14
209 254
153 248
288 137
325 388
335 327
184 148
120 351
89 115
73 63
111 128
30 152
258 184
240 19
288 204
457 155
-11 68
-73 425
378 260
255 205
151 428
37 2
15 99
300 430
-31 407
225 118
-56 -65
83 294
6 180
140 29
42 166
252 -21
119 267
129 3
105 161
404 234
2 351
0 -1
326 383
230 190
310 -3
421 418
12 426
-38 82
364 -67
222 288
205 276
329 426
-14 194
360 381
290 58
105 476
395 90
52 224
224 252
393 66
75 0
411 23
375 437
203 366
-21 39
-19 -28
-20 491
242 162
250 332
27 416
86 420
28 347
376 171
82 351
245 425
241 220
430 -9
101 421
286 243
439 259
195 193
41 -11
308 363
172 355
179 22
408 301
152 252
3 -5
158 255
220 290
64 460
125 -76
405 415
-64 204
139 277
73 150
164 157
429 311
62 181
308 100
70 245
150 -43
211 357
372 471
26 242
-9 15
89 209
67 471
34 389
161 231
-16 212
272 17
65 361
107 113
149 330
300 402
285 -56
493 212
282 138
-3 293
191 121
323 332
253 257
414 69
312 -13
150 27
378 16
8 213
48 -33
366 74
236 434
233 126
289 69
81 423
291 300
116 140
167 261
9 387
-65 -73
421 211
70 259
248 85
281 196
14 319
56 106
169 198
204 279
360 103
449 231
226 115
193 16
0 400
338 354
-58 118
106 242
139 130
406 479
464 428
213 155
24 384
209 -30
373 429
-46 15
331 200
59 6
367 180
411 453
281 353
281 -3
250 299
2 149
452 430
151 428
-23 80
331 362
475 428
-17 422
307 172
-8 234
399 387
455 342
-14 175
-33 14
26 -18
281 484
226 208
368 342
47 43
68 386
230 364
-11 -11
335 64
362 392
366 71
360 389
417 258
62 51
-9 226
-17 340
240 237
-49 -57
231 150
37 172
275 33
159 166
-36 210
12 175
403 209
58 243
-94 301
-8 366
435 383
484 244
123 290
349 368
125 169
138 240
189 34
220 358
188 -64
83 410
191 373
-12 253
386 116
254 102
191 34
334 419
306 196
378 135
165 423
324 433
413 362
189 134
364 302
57 190
38 -84
307 367
56 244
406 396
49 431
164 30
344 81
-12 269
246 227
349 404
288 153
160 106
143 296
-47 -43
380 296
-19 23
309 373
229 314
365 81
423 -60
-40 72
303 -40
363 -18
128 336
144 -22
-79 192
372 372
481 356
380 455
411 1
398 190
335 40
20 344
379 265
0 79
295 224
158 253
415 119
238 178
-8 -24
81 315
99 414
24 369
342 392
429 -77
41 131
212 358
294 31
25 423
355 330
367 257
311 187
40 95
320 134
263 112
354 274
381 37
140 117
459 369
301 281
-11 15
28 409
447 374
62 215
139 378
-45 223
212 377
292 462
279 442
193 39
232 223
52 284
258 411
279 77
450 232
244 326
131 149
152 228
-33 15
143 16
281 112
409 421
9 330
199 285
107 482
220 457
75 455
96 195
198 303
348 241
-59 147
234 232
420 208
126 52
29 22
13 49
173 253
348 73
372 39
382 235
460 264
81 19
278 348
352 91
53 280
9 23
111 307
220 204
329 440
-67 78
458 269
308 140
362 372
-61 222
75 30
98 -27
274 3
-47 55
-24 310
130 -3
76 73
-73 166
1 336
259 113
457 -3
152 31
86 365
304 209
171 201
75 10
-37 61
207 376
317 14
287 60
125 449
436 130
317 151
266 182
288 59
274 226
407 26
364 310
470 451
205 5
250 238
-43 -43
377 -41
-38 312
57 150
198 329
83 40
276 14
-6 148
358 319
484 302
322 116
-55 413
186 311
271 134
51 219
382 416
284 36
463 477
253 316
194 192
-34 60
316 126
388 199
128 360
67 321
-4 18
60 456
409 373
27 428
381 289
214 106
355 371
384 229
299 343
369 63
68 458
138 211
212 312
245 339
103 90
358 167
270 340
-57 313
233 322
175 122
96 25
402 149
321 167
188 82
291 115
366 222
143 229
-4 148
434 -25
320 158
3 268
125 336
17 85
-5 -42
319 412
239 357
172 351
51 6
64 236
394 337
-48 83
0 329
191 389
387 397
341 123
319 341
85 196
-63 472
345 16
-65 428
70 154
468 329
-58 6
69 96
168 414
368 -24
259 173
-40 223
244 255
-41 -76
360 127
416 478
459 240
321 259
466 289
321 196
185 39
79 -1
60 365
428 39
152 265
40 44
86 244
4 -59
306 41
192 420
253 69
381 151
151 66
279 70
87 462
276 397
301 43
414 297
291 5
168 390
70 26
140 18
414 84
385 384
345 201
270 185
11 84
256 17
275 141
39 353
422 328
223 134
87 153
127 -16
159 31
361 103
5 190
234 -20
284 188
227 360
-7 -51
36 242
429 216
479 164
84 264
166 86
147 -57
217 348
178 184
428 188
193 221
215 96
309 -36
-15 407
7 46
354 136
158 -35
309 92
-67 73
55 344
63 36
392 184
335 299
182 140
241 19
66 141
282 449
-66 395
-31 -25
224 244
290 217
55 -13
305 172
433 165
417 -36
225 114
198 422
-22 123
202 89
73 349
-23 308
222 171
125 353
-10 447
235 327
17 237
182 156
184 146
-32 415
-8 17
107 -73
128 -8
106 -43
-75 250
21 203
112 210
159 334
111 406
246 211
422 212
58 53
194 300
56 224
130 417
383 180
62 283
-2 306
235 263
76 304
129 376
36 -2
321 160
-14 81
311 75
271 97
304 -27
325 483
185 11
222 378
217 75
321 113
230 253
249 11
87 319
221 32
291 82
326 34
158 72
25 196
-26 39
329 -47
211 320
155 50
88 447
194 377
69 353
246 299
174 361
86 45
257 113
-4 274
368 145
263 236
381 385
413 -66
145 230
412 253
79 241
364 290
202 257
-22 313
175 256
297 123
277 434
72 320
284 -5
121 197
99 212
62 226
342 -70
19 439
73 141
180 139
-83 185
239 302
255 183
152 174
421 488
-90 0
315 0
298 444
39 90
410 264
344 -7
-71 165
430 116
-22 430
371 1
130 317
227 243
199 117
149 307
26 287
201 352
315 -56
375 154
158 -11
63 -17
253 345
368 403
-53 109
-28 344
357 126
153 374
184 232
82 234
28 372
313 339
245 10
332 255
417 175
-63 294
247 -70
429 -5
232 338
403 318
421 318
387 221
357 371
369 -11
-29 289
258 81
78 428
110 93
186 301
410 98
52 406
210 114
256 145
8 182
465 377
246 354
428 416
230 82
-49 -15
265 240
83 130
326 302
201 157
-29 410
455 87
120 217
320 90
213 376
47 142
7 -7
405 261
394 487
248 259
195 -36
202 384
-46 156
17 365
224 420
148 223
330 310
33 289
419 255
-43 176
361 -21
410 26
99 354
240 357
111 28
320 376
201 104
17 83
221 64
162 100
27 219
205 459
81 66
429 398
296 -23
130 378
66 246
280 -27
389 15
483 231
398 -41
158 421
272 309
193 336
108 398
381 176
439 222
191 94
158 260
253 311
372 88
277 -18
376 42
341 124
383 165
355 249
-19 160
137 87
395 246
303 454
68 50
202 38
168 -17
189 4
224 302
315 347
375 260
-34 102
-61 232
291 219
455 424
445 445
61 72
369 66
95 320
178 457
14 250
83 356
419 -79
421 345
342 337
193 133
190 96
163 23
302 275
392 305
111 12
-1 285
201 278
262 382
297 136
189 192
324 259
317 208
298 23
402 224
314 182
28 428
74 135
-27 362
147 -34
300 350
221 386
170 35
299 253
192 128
52 -3
206 -54
116 341
164 400
241 -21
419 305
330 243
165 -13
147 178
328 33
389 71
346 33
295 296
-22 430
186 113
-62 126
352 274
160 463
336 56
20 342
326 8
322 354
96 69
182 304
438 397
164 253
40 -51
53 362
135 132
8 133
394 -67
111 2
353 404
122 266
197 336
378 208
24 129
366 404
439 241
20 338
297 -37
-47 207
115 395
-52 442
-17 179
246 113
88 331
352 313
10 456
194 466
283 42
328 372
407 32
435 255
55 34
292 77
-51 13
291 208
465 207
361 116
177 325
342 403
162 214
206 186
313 5
142 415
206 367
335 76
247 37
413 375
111 -74
73 48
151 284
218 143
-2 180
51 227
423 59
214 102
249 130
249 344
84 282
104 -3
215 410
423 361
152 129
20 360
305 201
306 8
189 412
366 192
301 409
377 215
-37 166
382 441
381 23
224 48
-18 -72
214 60
124 199
-15 103
226 -1
372 414
-1 200
36 18
424 204
471 73
353 156
265 -12
331 335
65 358
255 141
246 353
192 116
-58 187
279 96
82 343
409 130
188 433
359 205
471 65
140 127
305 236
434 15
45 254
5 283
280 15
0 28
251 149
39 413
454 164
62 62
341 88
241 77
90 353
215 226
192 377
97 422
464 195
-8 388
275 289
186 302
381 14
-49 228
386 332
310 154
-12 270
391 61
190 213
-6 130
293 374
333 377
437 78
115 321
220 4
75 329
-18 264
319 -23
50 421
68 89
263 323
30 80
42 157
340 153
87 227
240 308
217 424
376 168
120 391
118 435
174 -27
230 172
-7 426
139 62
340 135
384 -77
-13 115
288 -4
354 108
30 271
393 103
219 -69
113 -57
107 80
251 142
463 261
395 159
39 412
34 312
421 111
304 223
199 42
9 -68
375 137
58 373
-31 173
136 252
271 118
167 159
327 58
272 189
4 8
451 206
-19 177
-32 399
102 45
-41 18
374 -11
432 -65
11 106
424 67
178 124
308 244
268 327
262 209
365 380
425 326
330 -56
343 234
8 -38
318 295
291 148
393 354
474 115
104 410
-49 -24
218 273
99 384
170 327
282 9
285 423
352 360
92 239
434 172
107 192
-37 397
414 239
259 280
-12 -5
95 328
232 -14
21 -52
278 410
250 218
-20 270
421 351
291 134
51 376
411 -42
133 399
345 163
29 -23
347 341
444 290
63 76
6 207
62 219
376 -71
-30 358
145 19
35 351
221 375
124 110
196 405
195 139
423 94
361 -6
187 97
112 76
86 200
171 130
369 366
237 369
103 322
32 5
261 182
59 8
57 468
43 82
182 -4
21 71
54 225
-16 -62
385 155
203 52
194 132
197 290
212 416
365 324
361 197
363 227
51 307
181 387
36 318
231 121
108 227
-1 317
53 167
190 44
269 178
178 77
471 303
491 55
-63 238
226 281
-30 156
166 79
193 351
58 226
295 376
72 388
172 375
439 364
437 289
408 262
54 293
300 392
156 5
306 292
39 209
197 125
-11 173
442 -61
68 14
53 135
74 101
50 420
404 -47
15 171
302 128
343 73
324 134
325 371
122 -13
94 67
250 73
152 252
204 350
60 398
224 89
294 120
348 373
-47 213
170 208
340 432
400 452
95 -3
55 92
251 90
178 275
344 346
102 445
67 151
141 393
291 432
110 337
103 -41
117 51
264 171
433 119
459 134
55 368
467 47
30 298
335 23
359 151
165 -1
224 403
456 -85
386 236
266 60
373 -10
245 -10
328 190
305 390
56 227
346 340
356 283
-70 240
0 314
72 445
40 371
-15 420
-18 426
-6 300
-3 85
22 333
392 277
144 323
49 173
223 406
205 17
278 272
392 394
149 329
241 34
58 0
226 222
318 -21
273 -74
-43 167
298 42
128 466
16 156
360 432
353 -10
373 84
110 -1
400 220
319 173
-8 61
236 156
80 224
457 193
182 74
193 251
457 174
410 481
319 -27
294 60
390 391
280 328
473 -11
5 282
55 -22
262 363
30 217
400 275
104 429
407 70
197 75
343 140
370 42
220 4
194 9
39 16
88 410
403 407
242 424
16 151
386 405
-93 261
96 -16
413 218
-48 254
279 139
380 277
284 179
271 232
455 13
226 254
99 355
255 -37
26 114
-5 253
146 80
-30 156
144 208
-5 -57
423 282
490 -23
314 21
353 315
115 312
106 -35
434 314
216 324
-12 38
211 -76
160 204
122 309
454 50
84 358
130 76
191 412
178 32
141 338
185 340
198 223
36 348
19 272
115 45
231 135
52 27
152 334
237 129
74 360
277 405
238 67
-47 129
156 137
226 291
265 42
266 44
232 400
408 334
83 41
321 -24
470 407
211 215
274 -30
336 11
399 -29
341 294
342 42
405 211
290 439
378 327
257 469
359 226
111 445
263 285
245 230
8 409
-25 419
6 401
101 338
193 203
153 375
78 -41
206 409
39 -10
97 67
352 231
443 155
106 336
219 -41
398 9
80 196
95 218
208 221
123 349
194 180
13 428
252 208
419 413
408 390
13 102
409 236
363 301
250 179
177 64
205 276
414 121
0 367
43 437
175 300
172 248
278 -30
207 170
-52 165
429 337
-10 179
48 387
230 -8
423 299
337 149
218 128
-9 292
3 268
248 331
105 204
142 136
302 202
385 86
42 120
-40 148
-59 274
330 202
36 181
329 59
480 387
33 102
427 149
195 310
101 358
299 249
-60 357
148 245
30 331
336 398
-6 329
-58 293
350 371
170 47
430 120
172 -18
313 360
263 317
114 15
-1 128
237 306
266 111
332 34
56 410
3 339
60 283
336 349
441 -38
319 105
355 39
319 108
163 246
308 -19
54 202
417 447
124 -52
340 124
-79 206
77 37
271 417
63 -85
385 218
437 239
113 188
350 324
161 337
163 85
136 400
276 312
70 62
246 331
323 168
145 -10
347 430
390 136
95 213
334 92
4 373
140 382
141 307
170 241
365 268
115 287
226 26
265 115
-1 240
267 323
378 186
15 216
217 -28
201 273
196 -18
121 30
343 193
117 -67
279 219
346 198
77 -49
264 -18
437 73
291 89
36 -21
358 142
42 -27
178 416
308 90
228 346
441 340
109 393
227 219
373 350
442 89
40 109
143 183
235 142
270 461
298 190
-25 -81
189 141
136 424
302 101
399 241
30 329
67 71
315 473
320 126
347 248
485 215
-14 20
169 -46
46 7
390 239
38 16
310 167
134 342
341 8
252 383
164 53
328 192
275 323
317 71
146 353
146 83
427 66
378 -56
0 320
258 277
5 322
454 332
35 433
363 367
344 358
122 410
414 14
311 205
36 147
429 45
101 209
442 274
48 106
-17 226
49 408
259 360
-24 425
64 65
376 324
354 65
33 241
177 389
-7 384
334 438
-19 25
233 92
78 403
243 212
207 -30
165 408
454 408
238 -12
112 33
-85 343
127 316
473 128
290 320
417 71
313 187
22 65
147 308
174 240
66 -22
85 381
383 25
119 -24
96 46
449 69
-23 263
387 361
147 182
266 376
233 232
339 32
182 416
296 152
203 -20
5 254
265 205
444 103
232 404
47 36
284 13
217 439
306 196
328 417
264 32
99 262
48 142
336 419
275 -39
115 205
216 89
36 427
-36 -7
156 131
302 235
343 369
429 132
-2 302
37 -17
253 5
70 -29
250 404
121 49
247 11
-62 279
131 -38
257 118
416 54
160 19
97 352
149 193
409 188
306 298
48 162
106 -24
308 155
360 10
189 228
437 88
432 252
383 430
335 -7
59 117
94 67
241 157
303 390
20 -29
4 103
160 31
56 223
343 153
76 162
192 355
-10 416
180 457
320 122
215 -30
217 0
359 337
180 192
208 213
182 28
273 38
327 395
167 293
444 321
89 68
405 54
96 449
91 125
3 354
179 265
281 160
232 257
124 226
28 426
15 -3
306 189
287 126
211 177
404 41
233 128
308 135
39 294
330 100
166 107
423 17
406 -71
260 390
303 98
289 236
80 97
191 451
115 357
285 103
253 128
281 366
215 280
-64 440
-70 180
157 248
385 219
93 109
130 225
24 150
21 397
256 146
254 1
96 13
48 223
217 201
352 23
144 91
-54 317
9 329
290 402
333 169
458 79
-1 229
83 399
186 265
338 88
327 411
327 334
158 461
311 -26
134 20
335 43
-1 -54
-17 71
63 187
166 -6
85 339
155 208
158 247
265 262
87 462
181 277
272 -25
350 93
169 69
143 94
87 29
404 137
192 150
212 186
266 -70
240 282
211 262
-19 226
54 193
5 262
6 164
268 98
325 25
371 336
58 111
217 6
-34 353
354 79
165 267
190 226
418 274
327 196
302 50
313 253
244 201
396 43
253 -4
93 293
220 344
136 228
314 229
207 -36
-14 368
216 183
396 181
173 367
123 104
175 367
49 443
86 14
274 369
177 248
371 384
42 296
359 148
295 164
101 332
50 223
-69 235
356 395
163 -45
-47 409
249 102
64 186
181 449
107 -41
-34 435
375 327
337 85
173 413
180 116
226 175
312 393
418 366
57 -46
204 28
-61 147
83 424
396 218
-95 119
-41 -24
417 441
202 426
354 92
-4 -76
410 -22
-51 138
443 186
72 -46
86 120
444 328
390 126
73 311
321 284
336 366
452 392
442 331
121 384
202 213
14 52
288 323
70 365
168 -7
264 331
309 157
92 -35
48 385
381 402
35 145
89 225
401 31
417 103
326 25
358 272
221 325
352 55
92 211
248 476
139 332
366 199
152 376
243 460
184 -4
404 234
243 268
141 183
395 430
145 215
367 -38
367 262
72 67
30 477
250 244
31 417
364 238
33 126
191 152
179 223
306 25
-39 67
299 276
102 430
418 45
187 87
360 121
453 173
145 102
381 301
209 115
42 354
177 159
178 101
187 262
5 376
33 106
-54 318
152 456
260 270
107 393
390 349
267 210
25 324
-78 229
333 238
277 -22
303 -3
48 246
315 457
436 412
-41 274
449 272
393 -7
11 2
-29 39
395 59
-34 264
78 398
322 404
256 350
322 332
30 362
405 112
179 50
26 -10
394 176
314 200
105 155
164 242
318 5
392 77
385 420
230 195
223 432
215 433
200 295
208 263
11 123
236 -27
372 19
357 92
157 432
277 113
455 55
225 343
218 256
44 252
12 369
132 336
-4 151
341 -1
135 234
59 342
266 253
383 46
-7 37
257 -4
286 318
54 297
450 240
306 405
324 413
387 300
112 145
-49 49
419 399
345 223
185 365
104 152
-29 -56
239 405
-20 220
243 259
138 -56
52 207
173 343
337 76
139 335
74 429
254 69
303 232
59 281
429 391
132 -45
440 166
235 53
261 220
167 183
189 116
277 184
175 330
415 -6
353 306
-22 245
126 307
136 160
200 243
-28 -62
235 324
227 135
399 233
-30 37
0 361
357 212
116 -74
228 380
163 286
-12 130
214 398
18 337
68 138
299 163
358 385
149 281
465 42
-9 74
110 164
285 92
284 -2
282 354
200 185
184 338
88 62
379 414
119 5
368 34
22 58
71 132
224 278
155 385
160 233
41 438
442 73
20 139
333 5
212 -39
126 21
205 135
159 416
-25 348
365 36
71 27
-55 407
227 181
181 156
84 322
329 218
-5 -73
187 239
326 135
434 48
84 48
141 299
20 479
178 95
60 131
117 337
338 210
57 289
298 427
173 380
124 200
142 15
406 404
180 238
407 108
81 101
-35 366
324 -23
287 80
285 -42
318 363
342 254
278 369
219 -28
-11 55
116 381
406 463
73 49
458 306
384 118
142 115
60 366
323 163
56 88
299 373
154 160
137 345
167 100
404 303
181 396
164 176
258 151
157 383
92 336
240 66
96 23
341 178
330 481
360 122
186 -8
383 271
392 249
132 107
358 252
122 -3
268 129
366 144
414 153
200 103
41 0
329 347
249 232
383 426
376 416
381 -38
395 86
2 51
171 248
124 250
114 356
-54 110
372 -25
288 75
30 253
233 365
358 394
353 452
39 259
-59 79
391 209
117 231
332 363
181 216
295 147
99 342
394 126
50 471
-55 174
103 286
189 173
247 108
449 305
458 347
-38 283
228 133
262 30
3 445
108 254
14 41
-28 332
405 147
136 472
311 167
179 194
379 390
3 351
369 244
388 284
230 230
286 148
252 312
246 385
376 420
-27 223
158 303
6 222
197 365
266 -25
241 225
362 371
151 108
-13 74
161 278
12 256
121 103
208 434
-76 -27
0 -60
73 107
39 360
177 10
305 73
394 100
18 479
185 236
-49 281
422 154
25 78
-19 352
62 73
-16 -4
190 417
254 306
47 469
25 356
322 266
264 403
141 405
411 -88
155 297
-19 156
100 456
25 377
226 318
123 7
77 424
305 11
297 213
421 204
139 174
371 350
339 233
376 188
54 -31
270 405
309 76
111 280
334 36
29 93
409 228
-18 -82
-4 159
198 214
261 33
233 159
303 129
208 37
164 193
177 -57
248 223
-46 412
75 391
49 30
42 289
2 223
85 403
81 227
-8 303
352 7
146 355
166 127
-7 300
145 -32
318 307
260 -58
231 118
83 263
419 255
173 165
246 55
16 378
102 170
186 9
306 72
351 385
116 26
33 269
32 429
177 162
314 -31
283 459
7 210
241 -6
439 385
425 376
199 238
35 9
144 426
52 372
173 390
79 151
35 258
76 407
175 82
343 395
331 76
307 168
452 118
80 436
1 255
382 -12
198 106
263 401
123 132
374 -12
236 277
193 271
204 -5
35 166
49 233
9 90
83 56
-9 179
102 164
252 257
232 79
324 26
257 431
136 271
86 -13
46 369
400 -46
171 44
148 16
360 338
302 384
-55 -6
254 341
334 298
165 35
76 456
431 403
192 249
437 385
386 164
151 314
463 287
38 39
103 69
-29 303
-10 184
297 173
53 258
89 55
-11 435
45 214
2 269
63 205
-3 13
194 268
53 335
61 15
-52 85
89 -11
371 147
230 100
37 158
420 170
303 365
-31 98
54 196
49 -4
285 290
229 230
46 346
316 288
33 -36
-68 281
331 -30
124 257
228 148
130 316
-24 285
329 13
326 63
243 463
254 -9
352 97
473 356
420 -42
120 267
191 181
166 369
179 343
238 319
-16 260
463 64
31 403
-46 493
78 272
-7 203
125 211
149 394
23 404
121 99
271 102
227 6
212 215
253 132
217 63
264 337
10 58
154 134
164 66
343 102
325 285
373 267
297 10
168 347
402 171
279 19
380 439
413 285
333 198
360 303
358 104
397 100
5 401
-42 88
364 21
358 308
26 254
167 -26
37 349
-32 356
-36 20
134 416
209 -50
217 199
75 -2
23 100
85 25
3 15
408 212
260 128
224 282
207 99
-34 253
110 4
94 93
-23 30
245 39
201 222
292 413
20 200
-38 419
313 368
377 92
240 161
28 176
141 416
377 24
431 136
240 416
137 -56
-15 238
224 246
188 277
371 437
224 306
395 318
119 433
362 395
118 -37
336 206
70 345
-76 326
419 395
145 441
67 181
249 5
388 381
399 10
-3 361
156 129
336 243
456 11
164 76
273 362
288 340
182 97
73 412
93 485
118 274
356 307
338 -14
151 74
484 -20
231 -4
-23 205
279 230
162 133
377 -1
258 20
350 254
431 13
473 242
40 -73
366 360
202 440
308 226
75 301
210 65
290 299
79 314
3 403
355 240
396 -7
72 245
53 133
191 252
98 212
268 378
416 211
128 -80
104 -30
376 154
201 196
393 65
217 268
238 238
146 38
-28 -9
4 398
411 104
73 155
-35 106
371 268
297 16
270 220
-4 30
386 177
-26 184
372 245
269 186
48 250
-67 142
178 466
350 151
317 194
211 435
-25 154
-56 -34
297 241
-49 -37
108 370
93 257
413 408
245 174
443 214
375 48
28 106
361 435
308 238
269 253
166 29
213 496
181 170
260 -18
288 194
-43 295
172 153
265 64
49 173
197 213
71 209
278 131
-58 197
10 258
105 44
316 295
-51 212
259 346
412 171
117 303
327 256
441 52
296 54
436 288
325 187
7 329
-55 168
413 219
67 -45
344 485
344 171
212 310
228 25
127 376
92 261
46 146
161 225
297 78
326 227
119 130
476 294
453 46
-12 193
113 263
155 205
56 293
397 370
207 34
37 10
27 276
146 180
-47 161
39 257
255 145
96 293
171 185
27 106
244 320
124 222
319 277
83 80
339 -45
437 100
153 362
306 -15
5 240
59 296
206 29
105 387
-62 328
448 273
241 288
380 35
391 480
373 493
362 48
368 72
353 46
235 77
169 133
233 56
267 358
-9 49
407 -29
45 241
73 70
288 53
15 241
96 360
404 112
490 308
77 188
23 278
359 273
66 -44
238 376
-52 72
458 121
328 39
189 232
170 181
222 44
254 254
10 174
143 95
226 445
369 409
34 217
330 95
251 113
202 359
315 92
50 278
322 221
360 438
188 433
128 406
244 127
152 165
314 389
482 252
-31 67
128 94
235 182
203 382
318 307
484 241
182 245
367 420
304 150
247 86
240 -15
35 8
66 491
156 336
44 17
378 72
341 407
162 137
414 433
120 71
259 362
45 251
394 339
1 176
11 63
106 383
213 373
134 382
282 79
104 192
350 193
-69 174
186 87
488 240
106 89
366 24
365 185
164 413
335 138
13 324
54 22
194 270
275 216
148 394
119 165
238 417
354 183
468 65
447 96
31 309
246 198
221 234
297 -47
112 -51
289 342
402 77
410 349
371 413
162 327
381 302
268 24
92 200
338 317
291 393
402 331
378 146
272 244
-34 65
81 307
261 441
275 52
331 84
92 -30
222 52
142 160
156 172
-73 332
44 27
454 101
128 369
395 346
422 89
82 407
347 413
478 254
183 -17
112 165
134 351
275 343
273 125
-17 161
116 331
418 129
332 419
357 361
45 407
35 234
84 8
114 239
214 307
80 169
254 358
84 48
305 395
366 294
77 135
221 279
9 74
-28 392
426 364
64 435
271 118
197 119
219 109
366 191
13 441
448 161
242 -14
-54 37
278 293
410 379
259 218
324 366
51 262
313 391
168 82
225 222
406 182
196 193
319 294
212 177
125 344
75 371
155 -10
313 330
116 191
188 -9
72 114
328 306
54 364
367 338
332 161
-74 285
346 343
372 80
71 301
50 16
367 80
125 341
401 256
237 -8
382 403
206 -15
376 391
302 380
102 235
132 139
52 354
420 229
-44 281
0 273
97 132
18 288
49 178
-81 -23
184 407
437 391
110 471
110 56
224 222
311 439
406 106
396 237
105 47
291 183
434 7
95 293
256 -39
14 45
221 463
355 89
408 158
267 227
-5 77
6 27
373 441
394 398
-16 207
358 440
196 129
159 150
177 236
298 104
267 290
308 234
265 -30
54 251
249 368
278 64
-63 462
75 156
-21 420
351 42
47 -67
440 -12
131 257
41 125
-51 177
185 259
-75 389
302 177
326 323
283 205
179 389
185 138
463 278
26 202
98 -3
351 184
311 -21
4 57
416 445
224 146
13 211
103 451
246 -4
434 -15
121 251
165 56
238 308
79 313
43 366
401 388
187 143
29 178
24 375
144 454
-11 -18
123 -89
304 82
257 240
89 -19
434 242
196 354
97 285
262 179
72 57
235 108
-55 408
400 394
220 437
265 48
354 189
92 193
391 286
51 369
-40 147
344 182
308 168
200 25
133 62
426 393
87 470
377 278
235 52
294 22
160 413
384 229
93 302
-5 60
17 -31
84 55
-45 -34
-35 69
423 375
-54 357
338 229
236 263
343 -48
127 -7
13 278
357 295
-82 323
360 80
21 266
371 408
-53 31
168 12
352 422
242 80
346 15
-52 382
272 128
99 49
188 -1
219 98
193 -23
281 386
-8 414
309 95
165 261
329 154
370 199
203 291
-70 71
101 85
114 35
56 297
259 232
19 169
10 83
151 171
313 8
87 465
355 5
211 472
287 156
40 20
170 446
82 466
397 373
362 -46
28 57
-20 -8
127 286
-63 77
161 133
253 289
386 130
197 268
239 409
-86 169
378 127
7 159
100 434
5 56
229 252
-22 193
359 -8
173 368
373 96
-9 327
424 51
256 101
88 331
469 433
79 179
-34 188
65 353
339 227
109 -69
371 70
406 -67
44 236
138 192
179 116
51 404
54 210
384 302
291 318
164 337
157 131
282 -4
146 220
241 2
309 176
285 236
140 17
67 274
211 257
102 72
146 3
194 84
198 6
231 186
223 251
457 309
18 266
377 11
204 393
371 389
156 394
314 414
215 -19
426 432
470 90
388 218
91 222
390 310
-38 374
377 34
449 245
210 370
308 74
400 376
55 406
442 218
-17 233
342 102
60 269
359 399
379 341
95 177
124 402
235 392
388 168
45 317
268 316
200 443
83 127
158 401
343 -15
18 162
67 18
429 363
-31 31
207 35
393 -20
26 101
330 339
289 104
347 207
18 100
108 -27
236 54
132 330
348 375
20 261
-41 100
77 67
120 332
375 178
-14 329
100 345
-18 206
-78 61
280 420
-21 -21
415 179
4 430
165 262
76 317
7 279
297 -3
56 -29
156 -35
-63 375
74 490
165 307
355 138
68 72
15 1
101 282
88 236
90 393
182 265
325 391
243 160
167 64
-44 119
239 419
39 -63
230 190
166 75
360 458
351 33
-17 150
351 312
10 163
283 401
-10 103
344 156
364 65
50 229
368 8
344 90
66 48
303 401
120 479
348 316
114 310
409 296
194 326
254 266
136 375
34 392
139 346
120 116
423 244
54 263
342 335
345 -27
231 202
185 410
455 340
450 391
199 88
384 469
139 47
97 19
171 124
413 300
285 186
40 326
16 83
80 266
25 22
271 398
428 189
91 53
223 375
105 280
30 245
100 118
120 365
65 138
311 -15
330 309
247 324
402 28
381 275
150 306
185 254
434 192
383 248
327 84
277 282
441 24
249 313
313 -15
403 460
339 183
249 -69
88 7
380 357
137 404
32 45
185 -45
426 84
386 218
291 -74
99 -12
99 195
157 74
267 377
10 -32
258 15
98 248
275 339
227 250
96 356
144 164
143 220
9 118
280 190
206 38
144 324
349 290
275 213
352 373
393 266
349 477
356 -48
57 30
18 216
319 221
86 285
217 253
128 -12
211 -35
51 58
408 414
2 423
11 -28
459 -33
-45 233
372 168
52 210
392 114
429 257
38 37
204 277
333 209
-42 120
-7 240
81 264
407 270
139 176
392 127
363 323
232 95
100 233
144 111
178 277
7 21
99 161
131 207
123 171
357 164
129 75
51 70
308 389
216 43
83 419
408 -57
207 -1
351 328
480 420
56 352
212 412
102 188
45 335
-47 306
145 226
173 147
260 163
411 169
12 75
446 394
152 106
144 185
317 253
-70 29
63 238
182 281
311 385
444 -66
348 141
200 76
345 326
3 127
186 365
351 360
-47 194
1 69
93 362
-42 288
166 270
390 403
146 334
69 291
-34 34
-31 171
356 8
433 184
62 158
198 268
-33 192
313 269
319 450
113 89
56 288
81 64
-5 405
148 380
125 20
193 238
430 197
11 418
418 232
442 79
36 412
141 37
37 355
175 187
198 -21
-46 435
353 443
69 421
339 -18
-43 60
299 406
130 150
64 176
275 326
181 442
-76 66
271 407
155 236
125 -33
178 105
315 186
389 424
233 -41
17 100
409 51
368 42
300 172
287 384
119 145
60 -25
292 67
171 319
-25 63
120 429
62 309
334 385
-44 441
224 172
11 159
387 307
106 234
1 28
-77 400
46 362
387 270
233 485
196 2
143 248
452 68
291 282
479 123
-44 178
-54 248
23 396
266 145
402 218
175 85
-26 184
-64 365
315 345
255 25
167 136
414 279
201 195
178 -23
219 164
110 259
151 147
42 477
189 177
-54 175
57 75
283 121
36 40
33 247
4 389
49 -20
227 -21
219 87
202 98
189 276
156 39
181 391
394 382
198 99
226 36
266 147
213 85
373 302
144 366
79 26
122 154
224 305
284 396
67 -38
346 -33
-75 84
-14 175
194 68
98 141
103 118
201 251
308 88
31 124
114 113
345 429
242 245
181 364
399 -30
-31 206
299 161
386 412
126 25
329 305
-20 266
340 351
82 6
250 176
19 461
370 400
118 -28
25 392
314 187
56 444
369 281
455 157
332 -51
-81 371
232 51
36 359
398 -31
163 401
389 131
275 -11
479 -4
90 253
87 368
272 88
96 60
262 452
418 72
243 296
47 254
173 486
347 82
392 274
18 218
42 415
13 434
141 111
136 187
83 58
392 390
335 154
286 279
135 145
41 17
0 146
458 173
340 467
310 405
251 314
34 159
322 119
78 413
288 222
5 65
12 157
-58 188
267 253
13 223
258 283
88 118
393 283
315 300
112 -12
400 209
-39 346
-20 73
48 -29
140 376
148 174
232 122
135 -6
210 187
-47 52
177 68
139 291
285 145
227 362
92 64
386 222
413 315
277 405
319 105
394 197
188 61
89 284
369 224
214 238
299 471
179 52
173 230
87 290
222 236
103 230
-22 92
52 114
96 374
-50 456
-17 166
138 352
344 35
382 299
25 232
375 337
52 129
-38 418
468 285
213 208
53 29
24 239
350 151
-29 102
53 42
163 -5
167 103
190 164
165 206
430 -62
-16 73
-24 360
38 378
54 -15
-9 313
228 235
370 26
421 301
291 234
339 96
421 6
438 29
337 125
27 -12
371 374
130 114
58 411
283 83
-34 278
8 84
108 225
408 230
258 1
300 403
379 235
381 302
76 20
94 387
123 348
362 18
290 79
187 180
198 9
183 385
39 46
42 349
-52 371
-4 418
176 156
27 195
98 319
54 366
-13 271
211 166
91 317
333 245
7 158
69 350
214 161
40 34
-1 235
-26 346
43 58
70 23
247 293
372 -9
393 346
90 190
430 347
245 406
371 -58
-47 -8
312 -19
112 9
93 29
46 277
150 234
90 209
358 234
73 69
258 118
237 310
313 113
-18 219
244 400
311 167
29 305
367 84
394 116
116 141
175 311
160 154
201 197
238 137
389 -89
249 -52
135 1
56 64
307 448
-13 94
365 185
268 -15
60 416
49 150
277 373
449 459
315 334
-20 -30
123 409
9 29
335 268
174 121
265 112
-37 176
253 -50
233 89
268 56
192 128
95 188
377 109
17 283
15 182
256 293
260 204
419 294
20 187
160 215
225 241
304 57
-36 289
369 175
280 113
129 -32
74 93
67 -34
361 89
203 454
50 425
82 186
-2 -5
-34 137
253 141
395 336
180 204
107 238
57 259
233 -77
156 7
81 -27
265 -55
373 364
-22 14
89 254
387 73
105 172
353 251
33 92
362 193
372 372
-21 31
-1 293
212 129
194 123
422 246
67 259
249 288
244 160
405 7
368 423
427 205
241 82
-16 215
330 112
0 409
253 370
368 147
469 224
131 222
33 0
36 37
26 -54
177 51
411 164
52 262
160 130
73 376
202 178
53 162
-5 322
283 155
271 9
158 80
-28 473
148 282
328 254
159 89
330 221
3 370
104 390
97 137
222 77
228 399
204 54
187 196
66 4
131 -2
422 1
325 319
32 106
-35 396
164 413
383 143
320 173
278 412
122 -48
14 -45
175 236
92 24
327 176
377 296
149 -85
429 137
338 25
212 422
37 61
152 247
222 237
137 374
265 356
153 73
260 359
348 309
211 413
402 369
-14 3
285 370
18 407
296 337
52 328
398 -86
174 176
243 83
80 159
346 -43
440 422
215 56
88 359
444 154
452 111
60 183
-69 198
1 356
11 1
415 135
258 255
123 387
305 89
40 119
-12 369
305 365
153 126
248 61
464 197
445 387
84 398
-37 283
373 390
59 399
234 186
-25 62
89 14
-2 333
149 202
277 209
260 100
242 11
-27 -14
303 418
190 -48
157 259
135 314
119 384
360 108
414 171
161 114
56 117
41 224
335 108
162 189
-8 300
341 412
347 430
407 28
367 -4
61 167
228 169
58 195
359 168
207 415
193 215
-2 206
147 134
245 394
243 373
132 216
52 8
415 102
149 1
130 135
-76 59
176 91
367 -64
174 246
-46 355
197 471
-42 305
315 383
66 -21
136 201
33 349
319 -10
193 385
262 399
340 97
378 95
58 -57
233 169
484 19
375 337
205 458
306 407
268 184
54 -34
230 18
475 92
348 96
74 114
146 78
199 30
116 127
359 464
-43 180
394 379
289 12
350 336
12 362
321 -83
282 24
353 141
60 317
128 481
364 107
322 325
-16 305
368 95
270 397
245 225
104 102
-7 167
28 138
21 249
282 84
185 400
362 369
454 261
237 247
-44 379
356 171
-44 160
341 417
454 -48
260 17
376 136
384 110
392 243
139 121
413 15
244 38
14 447
103 459
191 250
217 367
58 98
107 281
-41 326
385 94
306 -38
47 329
424 16
319 270
358 324
304 288
379 38
3 110
356 456
60 402
442 93
217 114
202 -51
121 27
-41 54
151 188
67 393
59 307
229 185
-11 246
350 418
397 -40
41 318
327 214
291 21
99 442
177 144
354 -10
213 183
345 334
407 321
108 15
288 69
189 357
-37 231
349 244
73 406
295 134
24 195
151 367
334 108
442 315
2 324
217 191
395 36
223 -6
397 160
125 23
-18 222
-6 356
-2 342
150 223
353 366
11 229
416 342
278 254
467 407
220 1
391 -14
420 152
440 163
29 300
48 378
69 231
-3 345
105 281
74 169
343 423
-10 143
51 141
-27 257
-27 53
369 153
157 -28
382 352
285 470
315 239
240 205
451 42
211 421
281 168
18 34
331 138
350 405
179 54
361 58
319 312
209 353
156 -30
179 235
81 107
194 282
352 8
267 73
-3 393
48 76
83 220
219 329
41 196
18 271
453 237
451 39
310 49
386 67
107 288
384 337
-38 107
168 219
181 118
88 -75
38 264
289 -20
382 28
5 36
276 234
335 186
477 242
430 210
67 -33
404 312
73 272
460 346
263 41
23 248
431 281
78 54
333 -2
29 281
225 59
-64 332
412 374
53 286
46 215
243 61
448 274
235 171
31 49
38 441
458 -42
447 167
402 241
49 16
136 326
375 94
93 38
8 94
317 366
-45 367
160 165
-68 118
206 202
11 296
97 179
309 262
17 382
93 -90
-42 77
377 7
373 357
25 73
171 263
178 192
199 100
-4 33
282 109
75 303
433 160
136 401
53 61
300 350
182 67
275 179
-36 371
270 380
363 324
-51 33
201 59
340 272
330 31
156 380
310 122
82 -54
417 182
178 236
146 389
73 312
223 131
247 172
382 298
407 129
297 370
181 -10
100 26
355 72
-14 243
326 308
242 -50
362 267
-17 73
237 -49
124 25
155 427
-51 130
127 55
345 174
34 311
198 190
-73 -8
184 257
115 202
234 -8
389 353
276 409
260 291
-51 437
249 96
-1 99
301 99
33 317
300 194
49 275
391 18
154 397
450 59
98 113
417 268
384 -35
29 448
10 172
187 13
409 9
150 353
54 38
277 305
378 214
155 423
-75 412
187 342
56 56
-11 -29
325 26
82 -52
275 216
265 -13
107 189
382 -12
217 331
77 407
372 74
141 118
323 438
170 109
108 335
369 40
159 74
309 343
-24 24
109 148
79 364
-17 74
331 370
326 207
-6 270
228 138
197 266
-13 413
377 181
202 251
491 288
312 70
18 186
115 97
436 36
190 442
269 97
2 12
281 329
96 -4
300 198
339 -2
344 280
210 33
-55 328
335 115
39 80
-40 425
191 97
342 212
318 423
283 171
251 471
37 -39
87 376
-34 114
187 -48
80 40
363 7
297 418
434 100
21 68
352 95
490 -39
265 176
257 304
335 148
117 447
162 -30
111 392
415 92
182 316
-52 202
-14 7
33 446
50 176
447 182
144 309
26 141
243 238
100 98
461 192
103 106
184 40
77 417
-60 169
259 422
386 132
268 185
25 286
235 -10
324 383
357 232
125 303
494 165
66 480
447 126
259 458
235 429
280 161
302 298
75 226
121 44
-44 280
107 405
298 26
418 4
314 347
-27 67
114 256
-51 214
233 -57
31 305
186 17
112 341
330 351
-24 168
71 296
464 171
166 290
318 134
42 376
62 315
346 39
266 -25
328 160
259 132
59 388
141 268
405 421
351 275
28 319
139 78
244 311
283 83
429 285
426 407
-43 186
346 286
215 405
307 313
188 354
-12 431
181 73
136 322
289 118
194 157
131 36
395 186
246 39
111 357
189 156
-48 430
412 141
256 79
212 52
405 62
444 100
199 -10
380 387
268 98
-25 92
463 252
171 81
452 111
329 12
381 372
-13 362
154 207
144 289
235 357
167 388
65 282
417 368
192 324
-68 291
93 41
-6 326
0 52
-27 259
283 372
144 198
188 -25
469 127
353 372
217 379
99 -53
70 254
257 259
456 120
-3 74
144 338
170 216
317 370
186 190
194 346
-42 191
344 61
-37 11
-23 242
37 134
-30 196
396 379
352 24
358 343
283 226
-57 189
-2 228
253 398
409 39
206 91
197 184
17 223
451 369
372 325
121 133
-69 325
205 357
205 216
69 107
437 26
79 21
430 -20
1 178
297 50
111 85
471 354
278 80
34 20
-23 -78
178 95
178 58
157 353
290 273
44 53
283 10
136 425
165 264
54 25
65 182
394 185
54 -12
295 139
327 11
116 269
277 84
44 3
225 39
72 86
159 233
192 152
456 243
61 230
-41 28
347 239
398 166
32 368
373 67
394 376
369 414
167 60
402 259
372 91
204 138
296 395
113 20
297 275
244 145
14 -41
10 446
174 98
311 419
67 106
406 404
281 226
136 135
327 377
403 275
288 241
229 279
253 218
124 379
239 352
178 160
173 69
442 381
265 150
382 1
186 398
219 382
405 53
184 -88
0 241
2 337
-6 -38
374 83
335 227
