511 0
968 0
493 0
87 0
12 0
878 0
138 0
509 0
143 0
624 0
686 0
183 0
358 0
234 0
522 0
251 0
256 0
584 0
284 0
904 0
576 0
993 0
51 0
899 0
193 0
149 0
776 0
920 0
835 0
946 0
363 0
803 0
557 0
789 0
691 0
119 0
819 0
287 0
914 0
967 0
474 0
342 0
712 0
251 0
969 0
503 0
680 0
997 0
114 0
912 0
896 0
653 0
354 0
898 0
116 0
394 0
237 0
791 0
373 0
778 0
798 0
840 0
214 0
763 0
973 0
90 0
904 0
346 0
873 0
938 0
799 0
765 0
97 0
319 0
700 0
604 0
294 0
391 0
931 0
981 0
163 0
205 0
96 0
825 0
559 0
217 0
406 0
360 0
42 0
695 0
712 0
596 0
542 0
557 0
572 0
741 0
712 0
976 0
636 0
752 0
