100
000001
11
110
0100
00100
10
010
1101
011
111010
1111
100
00
00000
101
00
101
00000
100
011000
111100
10
01100
11
10001
111
100010
011
1111
11101
00001
01010
010111
0100
01
10010
10000
1010
11011
101101
001000
101111
10100
00001
011000
0101
11001
0010
001
10001
01111
011
0011
011
10
01
01100
011010
1101
010
11110
1110
111001
01001
101
11100
1101
00100
1110
00101
00011
100
01101
1100
000110
1011
10
1001
0111
01011
01111
0000
10
00011
001
00
101100
01001
000
001000
0101
00100
11
111010
0101
110
00
01
111
00
10101
10
11100
101010
11000
01010
00
11
001
111
100101
111
111001
00000
1011
11101
10011
11
000
10
11101
010100
011
10
1100
1010
10001
0111
01
11
11
100011
1011
100110
111
010111
10010
001010
01101
101
11
00
110000
11
00100
011
00
10111
101000
100
1011
11011
01
0111
11000
10
000110
01
110
01
001110
100111
100
00
10
000
110
00
11
010
000001
10
111
000
110000
01010
01110
00
01101
110
100
00011
010111
10
1101
0101
011111
1001
111101
0001
00
11
110
10100
101011
00011
111110
01
01
00011
10110
000
1000
010
101011
1100
01110
001
001000
00
010
000101
010010
001
00011
0010
00
10000
10
0101
10011
10001
1101
000001
11111
00
10
0101
010110
0101
001
111011
000110
00000
1001
11111
10
11
010101
11000
000
0100
1100
010001
1111
00
01001
00101
11000
010001
1000
1101
101
0001
0010
111
100101
10110
10101
11110
10100
111110
0010
1000
011
11110
00
100
010
00000
101110
100
01101
11110
100
00100
01
0000
000010
00
1111
000110
10001
001001
110010
000
1101
001
11111
10
000
011100
01
11010
011100
10001
100010
000010
10
10
101110
001
10111
00
10110
1100
11
0100
111
011
0111
100011
011
011111
00011
01
011100
0010
0111
11
11000
100010
011011
011
010
111
010010
101101
1000
11
110111
00111
011011
0110
100
011010
00100
0010
010110
000100
101001
11001
1001
10
010
11101
001
01
01111
01111
011
00111
100011
00
101
100
111
101100
00
11
10001
10
00
100
00
10001
0100
1010
010
10
101
1000
01000
11
10
111110
11101
00001
001011
100101
00
110
11010
1101
11100
11
1101
0110
00100
100
110
111
111
11
0111
01000
1100
10
110010
10001
10
10
11100
10001
01
001
1100
111010
0111
010
100
11
010011
000111
11
11110
110011
11
000
101
10110
0110
110
001
010
11
101000
11111
011011
01010
010
10
101101
01010
111
1000
11
01010
100
010
10100
01101
0100
1111
01
011100
01010
100010
10
01111
01011
00100
0101
10
001
01111
0000
1100
1001
110111
01
000011
10011
110
11001
1100
1110
0101
110
110
110011
111
010001
10010
00110
1010
00011
000
11010
101011
1010
10101
1111
10111
010
10
00101
010101
011010
00
011100
101100
00
10
111
00
110
1001
0100
011101
11011
110011
00
101
01
10101
1011
111
011011
1001
01
0111
100100
010111
101000
00
1100
101011
1101
01
110
1001
101
00011
00101
11001
01
1100
01
100
0001
100101
00000
000100
0011
010010
0100
110
100
00
10
01111
101011
000
1011
010101
10
0110
100
111
0110
10
0101
1100
101
111010
0100
01111
110
1000
010110
0000
11000
1011
11
001
010000
01000
011
1110
011000
10100
110
010
11100
101110
10
0111
110
11001
100
1110
11101
1110
01
01
00110
00111
110001
01010
0001
110
110011
11
00
0011
0110
01
110110
11010
100111
0010
00101
000
010001
0111
10110
010
01011
00111
00
00
101111
1111
011110
01100
10
000011
000
101
00001
10011
000011
10101
01001
101110
01
0110
10
11110
00
11
111001
11
00
10100
00
010
111
11110
100
01000
110
1001
00
1110
101
10
110
11
10100
11011
00101
001
1010
0011
00001
011
111011
0111
001101
1111
110000
0011
100
001
110
11110
0111
1101
000
01000
011000
101101
0111
11
00010
1001
10111
0001
11
0010
01001
011010
01011
01
10110
01001
111
01010
11
01
101
01
0001
1000
11100
00
000010
110
10
111
10
001
00
000000
001
11101
00111
1100
110111
011
11
00
11
11
1001
10001
1001
10
00111
1001
0000
010
111000
0001
11100
10000
10
000011
1000
10011
111
110
11001
100
0101
111
01
011010
101101
0011
00
01
001
111
110011
00101
00
001
00010
000
01010
01010
011000
101
0000
010000
001100
100001
01
111
00101
0111
11010
101
01100
1001
111
1100
011
11110
00110
10110
010
10
11
0011
00010
00111
01
000001
000011
11111
010100
10
100
011010
01010
00
11
0000
0010
10
001
000000
0000
10
01
00110
10111
100
111111
00111
11100
1100
000
11
00001
10
10
000100
001
111
00
101011
010011
100000
11
110
111011
110
100001
010
11011
1111
1011
000100
001101
10
010011
0011
101010
0101
00
010
10101
1001
000
10000
100011
10
11
00011
1011
001
01000
111011
1000
11
11
110
11
11100
10100
010
1000
101
010
101000
001001
1101
00
010
1010
010
011
00000
0010
111011
11
010110
1001
011111
000
00110
000111
111
00111
01110
11
110
101111
111110
00
10110
101111
10101
01100
110111
010101
100
00
00
11000
00010
01010
000111
0110
00011
100
10
10
100
10
01000
10
100111
1001
110100
000001
00
00110
000
000100
0101
1110
101011
11101
110010
10
011000
101
01
11000
010000
00011
0111
101110
1000
111
000010
000
110
000
110010
10
110001
111101
0011
1011
10010
00
110000
00
1101
111
0100
000000
11
011010
11000
00011
001
0110
11000
11000
001101
001101
1001
11
10010
110
10
01101
11
01
001111
1011
000
0001
01
101
110
0000
010000
010111
0100
0101
0110
01101
111
10110
11011
011110
010
101100
010
011
000101
10011
111000
111001
000
10
11000
010
1111
111
