43
469
336
502
171
726
480
360
964
466
707
147
283
829
963
493
997
944
829
438
393
606
904
155
294
384
423
718
720
897
449
728
773
540
871
914
669
301
37
896
705
813
324
335
675
666
143
713
255
870
549
646
664
759
39
861
725
743
531
780
318
37
192
844
290
108
42
944
266
650
448
807
892
731
372
352
8
103
395
550
631
625
86
956
758
842
968
378
933
310
946
441
628
325
539
540
120
84
931
543
835
117
641
660
706
932
979
308
675
388
23
747
926
74
272
831
779
575
99
514
988
292
163
638
357
769
657
576
33
54
352
152
943
726
968
432
109
193
9
339
459
289
755
385
947
911
211
760
223
590
424
948
508
32
415
170
902
593
764
657
412
361
626
539
550
485
597
43
604
352
293
838
376
22
598
23
350
201
670
486
283
736
55
1001
420
940
902
790
129
469
730
895
650
485
809
423
312
619
815
516
311
618
937
453
602
251
521
558
800
305
226
10
846
611
991
704
197
487
95
345
525
589
316
505
450
202
460
620
582
798
800
283
591
800
11
159
474
624
540
294
40
181
192
659
960
193
817
890
158
513
204
636
274
57
330
648
364
888
877
435
871
144
846
418
883
1000
324
653
23
701
559
478
894
391
77
714
602
512
5
871
863
690
403
791
257
425
4
587
184
287
90
428
619
759
834
934
171
156
723
191
978
331
370
694
427
557
436
551
443
514
147
62
720
755
141
425
281
998
689
531
551
439
868
951
195
197
299
418
288
107
490
284
457
736
116
703
318
673
788
265
315
357
187
55
914
810
834
947
315
758
323
560
648
984
483
146
198
224
131
163
537
452
175
468
46
661
294
441
255
26
156
512
747
651
188
315
476
24
170
20
789
907
960
393
204
627
479
416
316
826
336
876
374
161
835
72
489
299
520
179
775
272
765
670
194
987
104
482
215
629
804
101
529
627
545
926
25
974
63
183
5
434
507
595
727
33
494
144
224
288
66
902
189
362
415
976
272
172
237
835
713
762
898
669
287
552
142
696
697
626
21
127
578
696
660
304
373
468
680
595
853
486
20
466
121
154
802
89
62
928
12
759
172
317
578
229
45
760
166
111
884
88
567
489
579
476
627
629
631
930
425
522
904
964
125
598
739
263
197
527
266
262
204
118
32
328
13
773
413
549
155
522
792
926
190
765
942
853
664
831
902
715
960
580
367
9
479
202
60
441
305
762
359
326
479
110
115
889
803
852
462
430
995
386
407
542
113
706
837
358
74
352
825
487
558
218
628
359
528
359
339
273
871
363
898
24
619
114
719
698
587
43
425
131
231
567
561
934
298
857
55
964
586
736
656
974
459
371
534
965
609
485
913
637
69
850
677
940
225
144
756
513
743
177
461
827
223
872
628
936
207
785
852
400
281
703
195
736
639
536
558
995
178
707
964
550
883
302
415
643
857
857
144
464
613
879
426
680
754
445
298
675
42
315
877
74
820
612
19
934
114
697
171
833
42
490
687
92
499
591
992
147
355
316
653
742
46
260
337
761
194
607
266
183
505
831
777
610
294
999
551
558
563
629
469
543
131
242
815
176
603
79
217
685
215
994
826
603
394
761
672
430
29
86
77
788
500
972
289
849
606
505
223
665
708
365
12
173
491
242
166
544
621
915
593
706
820
234
752
207
977
541
305
424
100
249
586
650
973
866
915
77
547
714
548
680
771
264
521
987
291
946
867
542
247
510
320
872
603
325
134
474
154
89
572
765
903
105
425
529
602
971
17
567
30
545
349
90
945
639
411
465
51
683
590
344
610
62
223
760
956
890
148
692
951
845
432
622
750
69
538
785
37
228
187
40
855
631
226
750
925
361
259
768
946
957
320
728
413
27
357
3
551
498
586
517
966
344
77
915
144
198
950
74
428
608
175
431
406
707
628
814
377
95
567
38
738
143
816
996
258
654
938
840
484
357
17
133
232
843
627
13
639
188
692
652
664
636
895
355
418
454
10
264
235
456
305
636
305
258
150
126
319
215
111
30
202
82
320
860
52
157
363
266
905
678
645
911
904
563
491
950
284
655
676
222
404
925
833
371
880
261
10
621
973
5
947
783
506
394
687
315
700
591
724
940
39
412
463
236
510
963
961
495
517
271
939
871
60
702
973
266
119
217
557
817
332
41
214
290
84
956
87
712
486
776
382
817
953
543
117
681
112
900
75
790
979
134
958
691
115
10
943
792
725
365
30
186
780
202
73
887
976
73
335
869
155
297
170
827
678
631
652
600
311
695
688
82
118
251
669
530
681
866
423
407
828
818
518
728
668
89
683
966
342
688
23
664
723
66
311
417
904
875
126
943
747
764
425
533
808
270
320
604
909
309
483
14
138
632
116
811
86
558
292
295
998
154
56
347
710
250
493
714
133
116
441
960
724
706
997
54
271
481
240
425
920
868
661
500
488
198
464
635
160
24
148
394
39
927
649
460
604
809
100
832
294
602
280
801
354
450
884
542
317
577
764
569
338
399
420
899
830
853
818
232
451
927
660
231
522
942
562
149
164
657
677
794
363
756
400
148
716
948
190
571
640
665
77
517
523
477
617
530
236
572
907
466
559
964
163
526
551
471
332
925
352
335
927
912
739
338
339
280
395
638
716
166
593
951
137
507
339
6
339
625
666
972
610
570
283
87
154
375
654
196
878
828
398
574
251
642
176
821
945
613
943
291
421
567
807
587
218
452
617
611
66
168
895
76
511
302
697
575
591
163
174
970
360
33
270
428
512
424
776
781
912
554
184
393
497
766
876
366
904
257
462
476
974
823
124
549
579
791
607
197
596
952
345
756
483
14
674
441
430
914
764
969
410
417
910
225
761
436
206
488
321
960
947
808
168
702
369
694
789
534
558
976
449
23
285
224
333
378
585
950
725
984
20
778
222
113
184
858
492
927
326
488
679
971
645
536
679
670
70
993
198
785
830
729
428
873
699
614
705
29
410
547
510
187
240
239
445
315
503
852
130
113
652
151
194
456
871
683
467
269
715
795
636
474
974
832
903
444
179
879
772
704
366
383
592
825
239
25
181
597
171
329
44
312
184
60
928
489
672
530
653
260
215
862
785
288
744
612
474
130
436
843
720
505
869
867
940
883
259
752
616
600
460
663
65
758
809
280
491
437
367
77
588
388
835
362
332
50
930
494
435
842
768
737
812
601
839
894
984
330
354
371
246
796
610
254
649
434
537
210
266
499
245
651
17
843
191
102
814
650
525
853
476
635
893
202
856
992
699
921
782
580
933
546
342
489
901
527
485
540
494
195
254
13
562
836
842
499
787
531
542
807
793
394
212
551
580
981
973
279
75
195
622
499
828
278
792
584
580
161
420
491
161
451
926
74
382
10
969
210
479
505
372
609
198
76
724
613
21
763
58
892
165
685
718
934
454
743
956
815
864
398
462
617
906
601
138
682
200
34
389
586
242
519
8
672
243
884
251
525
760
107
623
97
298
918
680
180
581
60
579
752
9
731
83
997
680
678
755
901
786
567
95
610
174
245
931
516
170
57
193
975
924
750
653
988
146
448
579
519
631
918
876
793
471
914
148
695
93
817
951
859
642
54
238
553
489
228
164
957
185
396
182
99
67
67
515
263
580
80
880
142
613
949
447
172
977
491
752
151
335
867
216
284
9
434
898
369
524
884
812
643
233
189
707
481
323
540
353
449
210
648
278
761
191
424
668
488
457
30
616
862
255
779
350
505
863
433
84
457
199
108
754
823
298
283
23
457
949
126
320
137
378
776
861
1000
76
255
924
637
645
890
155
234
749
682
928
680
452
803
963
201
857
365
718
575
563
247
475
276
552
355
183
289
701
112
645
467
174
531
983
114
478
383
249
892
673
807
374
34
991
322
167
433
660
295
208
580
950
208
173
168
398
699
22
696
531
790
111
986
971
980
619
17
628
686
170
908
930
99
120
392
201
787
488
201
422
712
273
815
417
87
320
582
333
269
389
446
188
509
362
829
76
433
154
273
270
695
887
339
313
606
679
408
770
24
415
2
544
539
40
390
357
291
649
183
95
586
989
763
495
219
503
484
449
667
755
106
86
97
527
223
966
783
874
108
658
345
595
82
82
870
413
715
970
253
218
81
770
42
533
935
781
665
261
655
938
97
367
876
722
837
682
978
457
727
73
810
561
158
604
834
907
442
377
564
887
964
82
838
799
204
510
82
342
78
60
495
742
548
476
775
99
882
337
74
402
709
957
668
143
590
483
170
317
398
227
11
14
138
457
764
45
744
23
924
514
250
20
370
719
716
652
292
337
761
171
897
305
642
981
201
107
793
663
683
654
755
35
31
989
44
255
85
422
816
720
246
65
231
654
866
771
472
7
49
596
489
328
278
325
542
681
992
590
712
273
947
223
472
185
591
957
980
781
8
264
137
489
198
35
90
937
781
995
792
964
967
3
107
809
569
671
136
673
459
1000
547
599
220
840
846
374
565
30
266
803
725
492
606
603
229
199
694
773
365
303
365
723
567
423
447
612
497
743
24
814
153
17
57
395
740
281
884
610
656
824
709
247
340
146
292
341
156
606
625
227
80
726
983
332
735
225
596
132
848
989
447
807
618
752
491
340
965
137
699
211
632
226
910
739
476
922
374
295
857
736
563
58
608
186
77
384
121
743
434
686
781
281
285
669
838
127
120
739
30
121
579
739
93
558
797
62
903
795
434
138
582
877
909
186
76
721
792
478
43
353
331
292
976
74
593
191
789
492
241
895
55
65
683
905
7
178
481
697
141
470
1000
85
641
517
623
995
828
724
840
830
583
401
980
893
25
945
836
245
351
704
709
504
143
689
348
893
639
415
402
818
692
164
937
128
412
879
384
262
191
707
876
665
724
197
568
362
40
590
813
247
469
427
869
191
544
65
549
504
619
101
25
228
205
50
53
572
638
460
969
458
407
533
964
821
977
558
533
497
46
593
805
390
917
452
321
274
793
385
135
777
644
571
302
956
80
587
259
335
895
492
105
752
235
724
273
613
992
340
643
260
49
354
660
481
304
685
992
4
570
424
897
137
10
363
744
196
701
190
180
44
359
943
849
471
347
382
915
966
712
63
387
75
506
464
705
104
71
156
531
554
76
151
732
246
846
51
120
67
365
554
775
472
733
749
513
871
400
500
105
354
681
55
45
524
90
565
836
852
24
242
913
494
653
582
479
618
878
180
222
617
350
800
181
637
859
885
664
904
264
422
772
24
275
843
688
890
919
719
894
700
269
751
67
391
934
621
83
5
132
30
633
591
154
632
174
866
409
297
430
683
492
612
179
73
238
461
645
842
635
39
895
632
276
995
784
205
463
292
664
309
999
153
425
892
719
642
705
568
885
663
661
247
388
653
767
603
842
211
499
285
252
60
423
177
583
789
273
289
1001
506
981
140
702
532
463
120
207
542
830
461
624
400
762
100
937
483
616
569
495
598
163
748
540
672
540
478
557
919
373
762
754
760
435
257
67
728
403
36
761
395
550
275
794
195
935
139
105
692
213
696
670
629
500
991
250
881
649
151
933
671
877
600
451
438
601
125
445
733
156
863
436
387
969
818
395
706
868
955
310
225
686
794
669
50
471
932
813
816
92
429
745
606
601
476
197
508
160
591
860
811
891
449
42
820
366
977
28
91
505
68
414
842
572
678
397
643
988
653
111
189
85
87
392
252
688
757
383
130
504
279
864
426
567
874
834
887
430
648
891
480
885
927
267
262
47
780
823
857
522
929
775
136
253
677
338
336
3
739
312
976
592
358
73
82
937
147
284
827
720
575
714
39
1000
907
164
719
694
541
49
948
105
233
117
841
860
831
647
396
201
647
274
677
864
74
775
482
240
899
544
610
205
279
127
136
403
80
384
171
738
480
941
140
723
428
665
679
577
726
983
702
963
864
4
450
97
686
18
139
509
995
286
946
261
823
60
645
670
679
121
859
43
893
266
625
917
74
931
843
717
617
538
959
761
702
454
95
243
831
450
229
800
226
326
276
135
887
40
172
864
631
86
911
880
925
87
402
26
195
107
414
767
769
409
679
786
706
792
836
893
623
87
736
192
544
1000
88
20
623
426
599
378
256
671
110
929
495
70
368
104
440
602
821
320
292
986
341
558
810
634
480
816
789
241
76
22
829
556
990
443
800
644
4
323
106
948
58
511
835
710
763
535
688
806
387
144
844
262
163
622
345
580
189
115
65
593
936
417
658
763
14
413
961
253
740
372
126
509
9
586
953
103
491
960
443
792
15
414
857
62
95
474
404
678
545
375
268
653
277
530
534
763
471
505
731
109
894
453
955
394
572
521
474
409
496
507
442
385
264
411
609
40
362
473
173
656
949
516
525
231
491
768
889
758
634
472
741
668
524
285
162
555
707
93
261
388
689
631
44
319
47
358
390
454
156
468
835
762
921
633
740
269
778
100
316
322
55
9
471
218
724
844
9
465
262
949
795
632
719
45
378
316
628
119
336
622
173
794
966
156
868
695
666
777
2
214
102
553
478
381
945
879
791
363
387
274
436
146
563
565
506
948
890
310
159
432
125
466
76
348
839
983
320
613
294
593
834
125
463
993
463
332
500
371
293
402
181
119
319
916
597
443
938
869
30
455
911
975
983
505
571
818
885
369
387
404
232
159
683
569
312
868
689
173
479
247
766
240
673
49
117
594
313
659
407
55
173
582
742
532
677
322
792
379
1000
588
606
491
633
746
390
612
720
921
261
929
611
121
481
718
302
398
855
460
832
595
808
851
856
274
162
296
56
335
148
231
473
430
561
243
423
690
368
35
687
272
331
263
862
210
984
164
508
880
981
899
889
540
471
785
542
797
268
635
511
559
319
136
55
137
260
595
845
695
468
953
142
96
939
176
514
99
553
697
819
494
294
239
532
615
298
712
391
630
811
788
746
842
184
571
122
395
294
964
216
529
809
196
707
715
13
915
695
666
205
997
764
383
948
911
50
770
626
513
956
237
129
635
242
864
129
579
819
342
144
102
402
560
478
156
937
432
833
297
539
625
924
929
31
213
213
756
882
255
295
323
787
530
445
2
557
673
272
454
377
633
642
936
42
988
836
250
541
767
798
314
264
54
733
989
466
559
250
558
172
452
184
303
295
101
334
46
333
77
6
52
28
68
740
803
625
845
443
382
697
920
661
365
630
331
90
856
615
981
571
668
681
579
839
404
117
294
725
874
450
325
155
950
397
199
510
910
413
995
667
783
204
612
830
258
707
967
25
771
717
255
807
686
480
147
842
835
287
902
970
996
635
887
350
283
34
258
912
874
984
903
308
637
862
473
529
139
345
770
235
997
173
605
944
13
881
36
514
595
532
163
236
260
928
908
193
445
190
229
721
486
226
95
437
226
96
584
869
629
7
148
688
591
542
239
852
761
580
958
679
405
44
302
813
227
145
597
18
617
806
8
370
643
337
700
327
315
25
314
620
459
398
341
88
96
848
45
524
913
282
457
360
849
872
992
875
329
415
456
898
474
452
243
643
648
527
215
826
931
697
405
596
995
69
189
642
81
43
127
536
862
2
909
623
694
295
119
719
405
945
895
641
13
927
30
980
750
852
894
446
656
625
355
38
549
348
828
63
906
240
573
888
407
301
58
730
269
753
21
993
168
719
848
95
189
423
914
869
301
446
899
203
330
944
106
770
770
643
298
264
722
246
920
627
221
586
176
986
461
151
16
697
505
34
853
539
816
365
653
221
292
919
685
920
586
254
588
271
250
139
399
426
170
29
150
995
384
273
671
895
879
16
106
486
945
497
813
295
894
800
992
301
892
495
76
551
776
316
175
71
220
867
835
240
913
254
465
510
151
90
247
233
922
108
273
370
423
260
159
649
984
240
124
725
908
708
191
158
347
353
925
120
552
99
838
593
408
512
815
653
882
846
745
743
247
580
951
707
516
787
229
626
206
358
919
229
557
104
288
470
700
981
413
491
760
492
777
412
134
91
298
952
114
124
531
674
838
279
555
978
672
87
654
753
399
753
3
437
695
74
918
718
330
513
127
840
298
941
546
58
828
904
760
590
23
588
110
779
630
981
949
551
282
247
130
64
428
721
679
93
49
787
233
408
686
956
771
711
958
423
947
467
18
862
499
337
192
679
51
7
888
390
677
145
379
132
489
557
484
255
2
756
291
490
217
10
312
942
801
999
709
456
306
239
487
501
794
615
614
684
985
353
131
139
35
602
866
685
859
970
712
970
710
643
734
439
686
501
703
871
585
258
694
642
89
14
812
822
837
665
617
899
679
776
136
555
535
880
288
626
736
77
351
714
986
626
794
506
824
57
915
464
475
86
162
124
55
399
824
752
339
919
8
933
199
507
238
359
601
292
900
987
449
86
594
727
998
857
830
340
344
430
797
744
39
508
769
55
795
507
148
611
926
856
467
241
208
211
494
501
177
38
63
649
620
15
729
714
898
911
843
132
92
36
917
288
525
668
346
738
39
418
895
951
973
846
779
287
202
592
287
327
120
670
8
731
10
543
227
538
982
718
472
386
749
330
938
206
702
525
366
413
42
252
506
485
768
143
672
847
508
90
258
109
268
859
680
201
676
157
193
992
834
860
998
919
292
969
709
236
248
464
404
241
428
97
908
316
352
588
281
778
824
881
303
814
678
166
359
572
40
314
146
563
182
202
645
858
63
649
941
810
292
454
981
620
421
9
286
549
979
677
615
711
373
644
341
338
623
503
36
131
360
438
471
899
506
800
204
107
240
34
67
518
483
581
25
729
773
315
384
142
818
490
321
591
515
261
853
273
285
366
40
14
186
761
503
576
735
61
716
651
597
524
543
418
379
54
567
893
140
312
969
57
789
226
224
441
443
650
806
836
370
443
874
670
976
178
139
635
243
747
20
17
976
254
848
958
526
968
583
146
242
336
298
878
29
207
20
293
643
467
193
473
261
702
219
18
945
626
66
507
159
504
668
277
48
634
791
48
147
5
154
903
328
155
186
651
352
407
348
27
972
338
797
795
325
534
858
898
212
778
694
552
292
797
854
352
317
38
363
762
986
731
536
52
84
808
938
586
792
619
184
68
118
390
427
103
612
452
984
623
195
40
756
595
897
282
640
169
422
347
885
867
698
835
392
634
191
841
185
819
131
755
681
615
602
254
147
863
153
320
965
815
909
556
478
619
213
431
266
968
533
944
700
524
157
589
259
160
466
764
512
948
67
382
167
948
542
299
44
466
196
586
272
717
202
208
108
304
698
835
613
69
417
647
177
356
450
921
81
990
323
594
599
199
511
654
73
660
124
861
999
1001
901
122
322
38
986
914
917
955
487
743
201
569
210
846
171
683
881
110
209
261
708
851
77
28
126
609
776
886
130
548
147
483
716
151
170
340
309
795
506
107
699
219
957
643
345
135
99
681
738
557
635
956
932
254
906
281
490
872
756
74
178
703
417
88
233
482
977
262
516
940
659
992
440
983
449
244
620
72
633
63
221
783
992
835
674
565
304
504
930
723
900
449
947
408
224
688
796
579
846
685
549
242
487
466
725
339
655
170
132
257
468
860
514
658
320
203
144
278
508
704
686
25
272
314
252
477
313
852
197
490
522
103
185
800
894
850
786
247
189
464
345
260
861
873
18
174
834
443
685
90
17
978
518
300
41
285
207
999
148
771
677
919
389
22
32
444
737
391
375
482
75
779
788
383
787
524
347
981
87
715
937
737
885
188
98
650
87
754
523
262
984
638
690
921
238
794
67
280
200
498
388
13
978
549
123
204
247
704
566
541
574
259
372
922
656
361
82
300
393
962
512
593
869
35
677
138
501
777
792
378
258
274
705
88
969
517
544
497
568
458
188
439
200
628
366
87
667
910
342
362
816
156
14
754
340
708
527
632
251
181
81
315
840
519
423
147
993
971
841
310
567
764
475
683
972
149
55
710
510
717
431
68
691
665
773
543
261
633
574
516
968
990
172
170
201
657
852
446
938
280
408
429
315
525
373
329
75
463
175
936
104
589
419
465
155
128
597
497
215
408
372
861
307
498
835
225
854
881
521
128
795
587
467
373
446
109
273
89
101
521
598
717
554
494
755
259
592
961
359
888
811
867
688
21
261
315
437
30
103
470
871
458
733
580
76
397
845
276
318
26
513
587
724
973
59
97
176
40
185
660
297
724
985
233
505
234
302
592
482
410
507
704
860
820
559
563
122
30
658
715
334
94
184
469
322
360
76
989
96
985
366
266
716
748
392
427
257
165
469
794
233
621
882
720
130
950
722
81
93
768
589
810
128
827
161
520
222
37
316
458
149
158
136
362
753
210
480
296
591
526
978
696
92
191
374
421
303
704
846
525
541
611
829
639
188
418
829
171
625
901
516
417
646
438
671
380
678
860
954
848
139
917
990
618
290
384
76
335
917
58
658
64
618
526
131
444
986
874
51
398
28
584
204
777
418
667
554
761
757
419
846
556
445
826
1001
424
123
735
415
919
795
875
62
177
76
987
503
624
210
397
28
722
293
990
931
74
979
195
10
256
924
878
139
818
805
92
914
291
255
981
301
324
904
604
371
656
731
736
440
276
228
465
136
974
350
455
505
309
520
335
439
697
181
663
146
661
963
909
578
474
647
594
974
630
198
813
537
837
231
718
534
958
160
751
622
298
726
122
528
408
985
447
576
693
590
540
666
106
879
355
944
6
625
854
627
613
844
726
151
137
592
148
330
857
806
743
911
383
781
104
85
694
534
314
101
163
49
407
292
571
961
630
141
230
582
473
780
442
458
150
446
747
127
212
700
618
182
817
66
228
474
481
595
484
7
538
335
107
589
734
640
167
66
520
401
34
510
898
440
980
640
247
61
171
746
364
771
51
520
469
560
145
63
605
192
188
228
605
6
302
770
425
349
398
568
232
667
154
2
619
175
788
670
599
581
226
730
262
160
427
269
314
736
454
171
564
572
213
237
892
713
66
752
962
547
769
756
789
219
567
944
90
275
817
581
839
390
271
888
832
811
642
323
321
883
628
22
413
456
895
986
359
1001
338
831
952
459
407
367
336
51
96
594
272
121
19
315
255
119
979
162
507
155
593
564
578
856
74
136
18
52
195
947
854
749
523
63
346
261
368
887
441
720
109
270
556
52
434
801
22
737
100
794
918
184
31
318
61
760
585
401
137
359
72
273
344
782
879
408
297
688
405
254
720
37
287
430
680
962
103
951
366
387
628
159
739
843
940
595
98
35
495
770
875
937
111
98
383
563
741
586
925
501
733
851
444
608
852
289
42
771
225
590
469
85
402
160
608
940
465
922
368
760
687
25
231
300
358
472
177
198
685
990
621
948
192
277
471
521
343
199
547
656
160
60
796
793
343
839
902
234
677
738
440
960
582
87
15
286
255
729
287
428
672
538
283
372
551
350
79
201
837
575
139
353
733
619
235
573
378
531
733
46
344
469
2
530
918
636
1001
759
242
583
625
943
133
751
541
301
577
101
365
247
728
203
426
85
391
737
26
897
747
172
485
719
394
754
326
775
742
257
470
72
845
32
758
767
116
982
460
360
126
10
313
669
719
930
592
101
582
872
992
414
2
66
277
86
684
913
108
870
646
828
438
368
594
990
840
867
214
949
448
661
54
773
258
112
59
668
252
672
147
927
150
876
776
45
431
538
765
18
860
936
303
63
657
817
176
584
141
84
26
902
577
339
378
302
426
866
539
697
527
631
853
790
796
746
708
77
73
492
886
821
981
197
160
809
847
376
440
158
822
434
768
224
959
555
273
957
391
627
31
130
41
529
396
492
650
56
519
194
532
620
150
58
992
284
745
441
303
495
929
271
395
35
433
594
137
28
844
82
618
963
719
909
922
247
168
123
784
784
8
493
872
617
197
145
765
773
594
937
219
414
883
469
723
954
324
830
232
431
426
701
155
153
796
43
266
385
722
146
390
79
215
204
660
204
755
251
60
577
92
640
825
397
703
207
560
125
289
43
28
532
211
822
937
45
533
676
904
102
73
777
11
432
796
624
738
892
17
454
756
784
935
190
857
962
947
925
544
661
489
945
349
586
391
670
790
200
282
481
709
815
862
449
848
273
184
346
144
450
638
355
551
890
825
827
253
192
641
48
364
777
626
80
987
105
783
379
352
50
172
496
218
731
728
40
917
674
354
864
423
669
130
467
331
261
84
391
988
421
737
142
668
634
487
824
5
163
898
143
152
434
874
363
772
315
167
647
122
812
130
972
623
598
6
516
801
212
271
554
237
473
346
832
384
263
397
153
668
85
712
760
374
297
908
16
454
286
907
814
23
343
577
292
527
613
169
984
785
389
795
52
681
270
276
886
631
337
462
107
513
994
826
552
18
62
803
761
311
925
69
302
227
258
142
50
657
809
451
493
762
384
838
221
272
681
727
521
811
703
633
326
809
727
303
285
971
490
166
965
126
536
772
853
999
726
513
69
267
842
381
957
30
663
434
229
162
141
668
239
50
850
406
50
567
223
135
177
243
516
149
364
956
678
456
660
723
786
690
468
118
858
182
431
539
631
391
845
6
103
386
922
989
138
54
584
530
368
474
195
960
181
985
989
825
399
98
596
903
655
522
505
474
22
934
955
826
35
59
667
734
282
169
968
692
870
928
830
481
146
705
451
835
5
912
242
29
612
529
284
395
189
865
963
567
601
253
320
83
560
105
360
240
180
466
459
574
223
924
758
869
262
300
345
236
843
21
354
64
413
813
795
407
883
653
762
900
273
844
696
86
537
502
957
157
325
652
690
941
12
19
934
950
212
497
421
650
191
173
853
697
225
639
651
802
409
136
886
179
814
643
306
498
164
539
553
853
734
567
940
447
230
196
528
180
747
930
207
151
259
314
403
201
729
694
355
797
544
569
151
378
257
744
750
105
817
49
75
967
751
139
171
333
972
55
770
54
180
158
983
697
588
931
733
280
861
754
91
960
240
56
974
210
658
173
149
505
513
176
821
109
207
601
790
263
47
437
494
734
78
669
405
369
901
56
169
214
116
131
795
979
856
14
833
891
328
649
301
491
676
838
614
389
959
505
493
484
831
29
363
954
498
648
185
599
556
34
104
947
478
226
83
197
625
634
345
604
371
284
991
439
601
37
181
656
654
401
352
134
947
295
873
651
592
206
179
707
321
752
530
230
724
670
787
776
186
653
886
39
917
191
683
76
761
852
548
262
429
235
423
163
820
548
352
265
463
848
460
596
373
947
504
248
422
256
955
762
588
421
737
618
115
337
594
20
267
372
338
527
748
646
514
484
817
107
728
203
775
308
82
595
992
593
216
225
859
702
851
324
287
764
704
270
376
154
850
237
640
764
239
274
794
202
345
521
483
372
993
147
986
716
87
81
401
284
388
121
652
195
187
518
610
890
501
427
898
771
333
816
504
972
539
600
79
400
853
890
465
55
507
743
269
664
657
83
697
620
874
96
672
540
123
447
525
245
367
720
137
939
601
501
194
556
126
33
68
431
724
558
820
877
694
912
363
134
730
524
151
279
828
350
280
779
340
177
946
127
141
823
342
642
968
83
150
549
953
909
553
112
559
79
11
405
578
542
25
576
456
371
908
487
1001
50
932
575
660
818
886
375
33
606
785
793
424
12
989
366
570
996
581
25
711
659
143
287
479
25
274
830
437
551
519
11
745
869
267
592
893
371
540
606
778
214
993
695
411
622
199
664
130
102
761
844
442
91
496
644
622
488
148
966
488
273
945
468
476
447
790
351
829
956
506
283
248
759
287
116
352
834
675
945
314
234
885
241
770
591
685
211
989
797
247
914
641
937
250
481
209
232
956
603
942
45
720
414
379
625
474
985
887
688
722
259
704
441
608
278
926
654
39
37
701
318
892
369
608
223
977
522
794
567
549
260
686
533
831
784
707
164
691
925
872
344
284
198
182
971
74
717
53
738
757
176
479
156
731
884
853
771
239
303
678
606
75
163
199
597
127
487
64
231
562
720
75
81
711
664
226
576
684
477
817
345
448
534
570
686
363
474
288
268
91
153
606
235
596
78
600
606
535
470
186
419
966
618
16
68
998
875
150
512
398
943
793
868
591
22
357
950
253
83
273
827
230
175
456
311
432
240
993
741
855
450
569
56
879
492
199
58
775
591
864
538
431
890
541
587
843
169
522
562
49
583
384
608
991
786
405
962
464
734
394
845
65
925
613
742
694
445
272
921
851
114
578
847
488
558
605
366
500
510
880
340
725
7
413
195
119
945
229
516
292
418
803
341
546
238
14
276
435
742
403
185
137
830
635
439
136
579
673
724
265
661
542
370
284
850
368
292
229
460
73
108
307
3
436
772
557
509
301
732
77
805
441
196
490
666
675
50
360
282
489
766
715
15
454
172
980
768
706
418
651
379
839
539
461
434
957
107
528
939
368
916
157
292
448
184
637
95
938
848
240
458
405
716
601
43
927
76
326
346
865
751
278
599
336
649
428
45
246
594
763
271
177
141
698
483
473
270
715
668
32
808
111
292
61
686
548
761
105
608
393
95
198
585
952
559
437
14
669
871
167
905
975
793
518
151
517
120
245
390
499
713
93
876
565
127
9
372
123
729
660
338
277
223
578
801
921
243
613
714
211
637
265
832
516
338
785
34
990
341
707
672
942
870
393
730
987
539
322
126
999
356
705
496
564
867
556
702
304
716
631
796
28
465
530
750
681
353
201
5
444
282
18
292
100
860
732
555
553
264
446
651
487
57
574
891
860
554
131
642
862
48
629
46
424
938
475
156
335
758
53
393
536
933
324
81
204
178
582
271
390
431
887
4
612
329
276
762
101
44
57
395
67
930
574
286
728
800
525
203
589
90
999
654
177
752
680
457
895
632
408
533
491
167
523
129
966
442
115
391
712
490
765
322
190
823
266
5
756
724
318
856
588
427
526
820
304
122
661
490
684
343
576
502
568
224
756
554
852
518
228
488
604
739
903
903
751
969
104
267
883
845
712
510
491
860
186
123
108
588
989
373
492
974
520
75
355
283
664
998
215
453
117
806
787
335
566
506
839
455
786
335
974
923
546
372
259
90
131
299
342
925
903
345
878
733
502
650
615
255
313
695
334
453
816
601
218
214
836
851
254
914
143
211
452
182
571
537
564
367
113
819
13
765
323
608
347
445
852
595
666
444
446
835
738
504
27
561
955
9
8
545
131
753
72
397
230
543
61
222
717
946
180
660
386
740
385
640
739
637
32
784
317
82
23
427
754
206
448
414
6
47
827
246
551
996
531
134
11
318
431
763
135
932
748
534
285
875
441
882
837
989
572
591
631
562
523
599
191
165
446
623
707
817
715
336
1001
139
617
166
60
513
385
848
945
739
833
657
253
353
292
54
297
422
63
362
769
275
36
135
193
303
380
389
881
502
617
711
74
63
954
972
825
66
539
52
612
793
980
445
163
823
720
300
185
935
697
711
74
470
705
866
847
851
52
648
144
446
157
461
770
887
303
770
849
608
189
537
311
366
635
353
142
627
726
348
202
840
33
223
219
626
586
817
346
354
21
72
369
921
176
489
32
347
718
46
701
164
687
117
323
504
543
806
575
735
454
813
231
226
161
985
667
847
952
828
593
899
215
373
988
664
192
586
908
420
624
721
668
220
993
961
568
105
281
500
869
347
105
432
22
27
536
823
835
237
289
395
829
350
626
694
920
802
246
433
88
697
510
755
599
194
123
821
909
73
24
563
993
54
253
525
967
958
982
63
467
525
302
830
237
955
614
684
878
159
291
294
201
778
463
844
133
662
702
640
82
622
547
931
170
143
764
836
635
272
84
2
562
366
143
101
338
667
835
31
829
256
30
321
986
112
170
419
399
127
408
412
465
50
692
971
346
601
645
157
466
539
560
208
913
416
949
295
131
589
82
87
766
236
78
17
120
386
849
650
549
557
834
783
839
429
898
861
326
801
655
703
843
406
731
217
567
652
534
85
721
298
441
780
240
243
805
8
622
672
851
207
526
80
789
986
631
141
900
975
640
817
4
43
487
65
213
68
829
585
932
567
84
984
833
237
292
814
258
804
450
515
128
499
66
217
295
909
439
420
340
426
72
185
347
330
61
485
223
539
562
351
925
885
907
849
315
788
986
411
236
502
972
841
159
670
858
487
594
24
735
737
385
829
501
63
92
137
102
481
575
908
887
247
211
838
983
941
701
103
409
197
221
86
429
357
562
135
454
802
605
690
400
877
571
306
992
845
559
859
321
877
151
192
948
800
469
348
511
82
481
983
209
721
140
427
701
772
16
512
357
234
767
620
722
239
266
711
705
546
52
543
303
346
429
143
912
698
826
685
100
642
133
572
756
537
905
447
611
416
34
919
632
320
434
415
92
463
134
637
519
647
323
820
807
335
723
248
972
790
396
10
229
837
579
677
207
52
644
256
320
392
726
981
367
756
173
24
846
269
511
412
874
554
876
979
699
372
943
269
343
619
970
67
323
657
729
916
285
139
934
551
164
884
37
594
137
932
536
522
730
690
726
636
235
605
127
124
784
762
67
932
266
425
324
488
910
640
633
567
428
364
565
380
421
853
743
317
78
170
523
100
589
533
241
341
554
832
476
783
744
120
902
702
236
608
682
792
925
401
170
487
636
457
546
446
710
802
221
520
351
949
582
301
450
686
121
134
342
890
772
299
435
142
624
547
542
729
252
84
249
101
52
732
398
306
333
807
53
84
141
769
372
678
145
558
975
118
959
288
368
435
845
674
816
300
473
939
263
811
922
588
329
443
55
325
530
493
599
101
883
825
312
673
580
995
92
655
236
268
249
115
424
747
976
490
24
379
521
85
968
807
796
648
326
443
91
100
799
68
462
393
575
467
607
808
440
398
520
264
946
728
17
895
325
571
126
220
371
474
672
163
17
827
731
496
39
197
832
551
302
703
796
563
305
994
961
950
208
615
971
641
457
563
653
412
679
578
541
224
504
226
198
851
25
914
725
716
373
810
622
983
158
300
151
147
499
468
445
450
394
533
206
697
296
452
151
953
583
600
847
677
247
586
435
102
401
569
299
11
943
233
101
900
976
389
761
264
147
731
661
326
769
968
970
929
96
851
798
544
925
398
419
413
370
50
783
835
576
690
886
670
470
427
206
846
923
962
913
924
953
702
344
632
427
432
453
722
200
529
482
407
384
427
616
614
206
194
11
940
7
868
668
173
82
966
543
28
888
937
735
253
726
78
294
161
953
598
529
809
289
29
922
807
129
839
712
585
805
139
485
343
637
623
279
280
82
436
713
231
855
932
410
732
450
634
143
672
418
65
820
817
986
511
976
743
887
410
962
750
87
780
103
173
507
403
798
174
111
733
989
672
527
186
804
729
748
690
354
199
991
897
400
953
20
375
259
721
875
917
70
885
612
861
127
598
841
585
520
161
520
63
169
605
168
940
228
195
884
878
762
740
559
782
556
80
63
870
523
675
100
759
260
421
347
903
191
218
958
241
727
127
534
180
423
718
764
289
210
740
532
607
492
801
571
409
255
415
658
787
585
350
595
801
364
608
668
737
221
673
666
601
610
849
16
916
214
509
624
329
494
322
1001
900
273
388
194
554
219
526
990
695
91
690
416
298
270
348
360
739
747
570
799
827
649
223
239
645
909
672
551
548
41
254
14
22
433
478
693
527
847
101
418
776
58
679
874
738
10
898
311
134
360
790
746
6
932
729
651
521
870
176
903
363
257
968
929
315
364
782
820
730
291
715
943
225
798
733
842
233
137
634
584
384
252
646
854
459
603
270
35
775
896
421
528
885
535
784
514
438
827
54
814
26
847
298
204
775
760
307
679
360
113
283
652
572
982
255
329
361
718
799
120
720
779
383
67
154
715
373
178
588
876
244
243
511
99
664
250
244
150
594
538
622
619
231
626
783
640
708
563
352
549
460
41
907
983
470
416
603
318
296
969
47
169
41
165
602
776
446
1001
527
82
219
826
451
88
676
259
187
217
60
277
232
584
213
39
272
964
593
30
663
614
698
878
102
960
173
193
250
124
700
552
760
730
147
744
440
862
475
479
495
697
406
215
34
527
906
297
223
850
170
86
622
93
840
234
121
339
568
434
264
536
833
639
696
104
13
516
644
271
836
549
732
505
43
608
413
299
739
104
17
65
119
319
1001
153
645
540
784
456
889
14
914
924
839
176
93
810
720
853
279
625
854
213
232
591
3
17
489
730
31
923
989
865
329
490
479
716
848
477
84
833
841
621
171
649
364
408
562
754
907
563
722
382
443
552
341
740
126
953
7
942
991
627
484
106
655
382
432
613
608
60
789
53
329
432
624
749
409
298
716
207
951
408
812
517
937
590
787
336
915
25
478
965
179
728
924
709
531
268
629
427
902
250
977
532
759
415
98
18
94
907
253
809
732
705
549
454
257
686
537
596
148
792
38
49
507
609
280
960
283
748
301
424
594
415
810
54
43
793
578
926
659
710
948
960
634
265
629
833
443
681
639
102
639
911
752
656
542
599
829
981
48
141
840
83
900
794
223
699
295
815
208
931
695
353
818
196
240
990
677
973
423
982
685
968
101
758
611
468
670
361
397
186
930
96
334
868
460
268
465
915
433
288
362
168
451
124
262
885
175
968
708
948
476
710
348
672
822
268
71
380
929
40
886
361
769
980
32
923
193
892
95
446
811
509
42
525
224
649
152
227
264
384
971
742
3
857
307
528
289
865
981
968
480
347
211
888
908
722
645
608
444
363
985
940
819
797
711
801
499
797
744
254
369
142
105
857
757
54
858
447
264
999
652
791
67
707
129
449
429
505
278
267
677
248
783
805
817
265
762
318
583
779
535
830
786
705
446
478
376
110
537
404
937
443
788
395
322
416
946
859
914
306
498
693
708
828
218
585
135
513
978
307
667
208
100
420
621
793
26
469
852
936
497
977
77
696
789
467
764
641
510
462
684
588
497
124
937
950
561
121
140
468
375
752
62
343
95
550
408
920
270
214
67
621
129
573
116
44
752
751
730
263
979
738
27
608
467
785
955
407
628
155
167
547
129
782
433
382
185
349
725
83
65
546
251
428
442
664
293
31
700
600
980
729
827
462
271
182
225
349
404
167
84
425
57
189
809
811
332
93
113
546
346
77
691
207
758
726
219
858
50
762
282
652
90
968
69
780
175
845
50
934
578
765
600
337
618
859
982
168
663
493
935
931
87
252
893
695
290
290
788
59
561
829
912
228
292
243
266
668
76
694
150
414
894
218
160
829
161
44
841
165
450
398
252
898
198
680
110
488
439
305
325
3
43
847
632
96
402
995
56
396
206
544
126
571
583
645
829
203
504
25
40
563
836
103
207
902
734
458
638
212
919
595
479
794
912
992
410
777
891
71
393
141
837
308
41
175
71
575
446
829
197
338
397
104
318
9
24
766
950
10
774
10
792
159
49
833
88
698
908
469
816
192
469
607
513
385
655
441
828
944
931
442
529
542
888
445
49
155
472
612
607
711
973
473
244
334
844
422
227
883
720
590
353
254
859
867
977
432
353
104
752
790
749
74
292
221
719
995
762
758
94
695
201
34
851
875
345
935
446
858
488
27
366
2
334
24
147
55
711
897
749
510
321
636
138
125
246
984
492
377
548
441
50
567
964
170
721
471
984
115
289
342
768
635
292
323
638
679
997
908
465
251
622
58
135
568
957
59
423
463
503
662
918
165
740
380
399
336
590
501
472
201
117
368
467
234
876
80
339
802
850
995
960
759
673
60
684
619
67
708
822
314
206
604
199
138
645
118
980
308
626
117
475
162
680
338
721
610
190
784
323
618
225
714
188
172
768
44
270
460
878
664
948
983
755
706
840
599
324
597
913
117
389
223
239
606
580
642
866
568
696
933
367
758
186
67
108
267
2
986
391
404
413
959
809
409
229
688
945
37
114
233
679
51
208
403
437
548
961
578
813
710
92
166
599
727
109
885
417
379
96
382
357
170
936
385
613
318
405
950
202
43
662
275
725
191
34
225
789
180
741
505
139
892
465
179
803
205
915
832
316
101
1000
105
600
119
792
870
376
694
450
108
186
850
928
569
237
409
979
473
207
32
922
847
460
761
600
44
810
279
68
635
507
280
292
313
442
19
404
871
545
850
228
762
59
865
648
492
670
528
388
612
651
341
815
164
360
222
439
817
877
374
878
392
431
557
12
79
786
277
437
978
842
50
531
192
635
369
639
325
447
5
996
88
736
454
277
543
927
203
857
306
380
393
435
262
727
828
127
692
191
709
937
849
721
885
616
430
315
50
28
642
729
711
468
567
967
889
475
978
752
655
955
231
511
345
602
773
613
780
765
190
570
4
962
970
375
668
362
420
387
3
487
621
948
615
698
391
896
806
121
221
629
90
463
297
654
645
92
749
967
126
286
527
955
794
112
199
499
807
114
858
258
732
233
36
503
173
440
658
267
238
471
926
388
974
804
654
473
582
927
382
710
601
139
869
730
814
833
686
295
660
142
889
690
79
561
961
532
632
678
142
640
393
862
278
62
96
330
439
55
387
141
929
730
198
306
370
398
977
815
185
393
150
648
335
561
129
775
603
209
497
554
837
462
654
173
597
722
275
90
469
377
165
614
476
651
932
630
397
585
835
129
47
2
987
992
774
640
773
795
698
375
63
910
718
302
741
829
499
874
580
291
774
695
660
1001
480
368
612
644
997
569
579
856
456
994
604
228
996
47
376
550
885
446
883
977
672
849
320
100
969
596
574
69
140
993
791
270
462
514
302
814
436
679
577
619
892
49
992
342
707
486
645
816
566
502
300
684
877
372
925
500
53
866
679
25
262
766
119
469
772
921
857
299
729
667
302
890
971
815
400
246
361
852
458
607
812
430
915
422
884
34
268
389
633
466
503
382
587
704
75
655
596
229
390
956
804
868
170
149
373
139
635
314
864
322
103
557
687
88
119
743
765
650
934
669
955
148
215
596
709
77
268
731
484
510
804
496
573
508
700
957
146
446
226
780
103
33
742
305
927
530
561
591
272
851
914
790
565
402
543
516
507
46
713
377
286
108
260
399
396
161
125
417
98
824
260
875
878
398
708
107
797
389
145
143
141
390
841
279
374
754
398
684
773
587
531
586
449
870
941
1001
617
524
244
714
709
633
850
456
973
492
211
460
927
729
870
966
557
907
291
209
357
398
325
343
51
636
786
428
788
613
824
871
260
413
802
806
987
505
364
610
924
42
403
939
14
349
921
93
150
162
407
427
92
332
283
890
797
640
413
986
649
657
373
504
102
763
719
967
541
503
425
817
411
55
4
433
587
91
809
946
537
266
814
629
986
757
97
887
451
240
757
417
743
58
611
21
829
864
250
781
345
733
753
253
98
500
981
140
308
993
303
415
783
453
471
288
279
144
543
357
437
660
801
963
382
376
586
540
115
658
595
375
673
33
254
255
401
625
102
38
602
368
194
548
166
305
283
954
811
935
724
484
91
244
706
871
942
138
67
807
614
674
828
957
627
212
158
390
648
870
616
415
798
728
67
87
183
831
258
190
718
840
1000
917
501
224
735
470
631
145
918
30
663
792
426
743
449
349
721
83
384
491
107
405
751
392
993
170
547
319
347
169
272
540
988
927
204
184
97
630
257
398
722
343
815
548
280
29
905
726
688
988
367
399
870
618
220
346
606
165
881
17
374
845
809
219
328
19
182
59
871
538
460
702
624
276
837
830
916
960
901
429
594
923
342
91
538
45
495
148
23
830
96
220
804
945
498
29
219
87
405
674
778
687
713
68
256
356
944
645
502
152
868
211
536
400
502
184
918
687
695
255
926
623
250
113
277
45
105
625
118
725
287
205
714
119
86
471
809
968
106
586
383
67
374
632
562
89
717
947
995
623
844
467
251
160
150
768
72
498
695
705
969
685
462
716
446
417
716
926
963
727
202
669
774
251
819
220
815
360
381
471
88
477
726
248
189
519
284
73
342
503
237
627
275
949
8
390
919
245
340
186
959
641
96
262
533
255
667
239
392
973
29
499
462
186
493
101
493
942
892
108
415
500
225
792
564
127
223
997
948
580
756
203
525
415
100
548
689
480
214
920
484
686
716
358
21
460
129
732
403
828
894
768
26
546
757
104
621
290
386
423
758
637
670
201
412
215
510
137
917
564
356
304
236
117
412
265
76
94
986
883
950
42
426
303
783
704
295
898
22
903
457
981
980
16
9
675
701
68
70
987
526
766
589
631
120
113
604
324
44
189
944
499
190
374
840
615
935
350
833
552
598
661
611
31
119
326
908
323
191
227
740
411
471
883
241
109
631
915
156
687
52
395
251
796
204
10
936
729
674
709
498
944
974
652
10
821
623
485
729
575
707
646
160
377
646
493
936
754
985
226
988
465
333
903
755
957
328
598
730
253
63
12
482
155
29
893
493
254
811
728
271
136
865
132
723
669
51
19
667
13
727
910
164
52
526
217
601
672
457
713
223
682
39
571
809
537
668
94
884
51
108
596
326
446
72
261
35
958
95
893
24
607
889
759
500
30
448
922
299
131
976
91
861
866
481
474
871
410
819
665
224
820
185
179
822
680
456
466
849
805
826
628
665
993
294
494
956
32
251
377
427
495
293
164
773
539
142
890
356
365
969
638
463
521
515
108
287
752
706
642
974
355
467
47
308
128
559
298
548
882
798
