131
137
151
157
173
179
191
193
199
223
227
229
241
283
313
331
379
397
409
421
443
463
487
557
577
601
607
641
647
661
719
733
757
809
823
827
829
883
911
919
953
971
1033
1279
1471
1543
1549
1567
1583
1613
1619
1637
1657
1693
1697
1709
1721
1723
1741
1747
1783
1787
1811
1831
1871
1873
1877
1901
1907
1949
2003
2027
2029
2081
2083
2113
2179
2203
2269
2467
2557
2579
2591
2593
2609
2621
2647
2663
2683
2687
2711
2713
2719
2731
2753
2777
2791
2801
2803
2843
2861
2917
2939
2953
2957
2971
2999
3011
3019
3037
3079
3109
3121
3163
3167
3169
3181
3187
3217
3251
3253
3257
3259
3271
3299
3301
3307
3323
3329
3343
3347
3361
3389
3413
3433
3457
3491
3527
3529
3541
3547
3581
3583
3613
3617
3631
3637
3659
3671
3673
3677
3691
3701
3709
3727
3761
3767
3833
3851
3853
3907
3923
3929
3943
3947
3989
4001
4003
4007
4021
4027
4049
4111
4133
4139
4153
4157
4159
4177
4201
4229
4241
4243
4261
4283
4289
4337
4339
4357
4373
4391
4397
4409
4421
4423
4441
4447
4463
4481
4483
4513
4517
4519
4591
4603
4663
4751
4793
4799
4861
4999
5011
5039
5051
5059
5099
5101
5107
5147
5233
5273
5297
5387
5413
5417
5507
5521
5639
5651
5653
5657
5701
5897
6151
6337
6607
6661
6689
6719
6779
6863
6959
6971
7019
7079
7129
7349
7561
7691
7699
7703
7723
7727
7741
7789
7817
7853
7877
7879
7901
7907
7949
8009
8069
8081
8087
8111
8117
8171
8191
8573
8623
8627
8663
8669
8681
8689
8713
8731
8753
8779
8803
8807
8821
8849
8861
8867
8887
8933
8951
9011
9013
9059
9091
9103
9109
9127
9161
9181
9239
9257
9293
9323
9341
9343
9413
9419
9431
9433
9437
9473
9479
9491
9497
9521
9587
9613
9631
9677
9679
9697
9721
9743
9749
9767
9769
9787
9811
9833
9839
9851
9857
9859
9901
9923
9929
9941
9949
9967
