1033
1279
1471
1543
1549
1567
1583
1613
1619
1637
1657
1693
1697
1709
1721
1723
1741
1747
1783
1787
1811
1831
1871
1873
1877
1901
1907
1949
2003
2027
2029
2081
2083
2113
2179
2203
2269
2467
2557
2579
2591
2593
2609
2621
2647
2663
2683
2687
2711
2713
2719
2731
2753
2777
2791
2801
2803
2843
2861
2917
2939
2953
2957
2971
2999
3011
3019
3037
3079
3109
3121
3163
3167
3169
3181
3187
3217
3251
3253
3257
3259
3271
3299
3301
3307
3323
3329
3343
3347
3361
3389
3413
3433
3457
3491
3527
3529
3541
3547
3581
3583
3613
3617
3631
3637
3659
3671
3673
3677
3691
3701
3709
3727
3761
3767
3833
3851
3853
3907
3923
3929
3943
3947
3989
4001
4003
4007
4021
4027
4049
4111
4133
4139
4153
4157
4159
4177
4201
4229
4241
4243
4261
4283
4289
4337
4339
4357
4373
4391
4397
4409
4421
4423
4441
4447
4463
4481
4483
4513
4517
4519
4591
4603
4663
4751
4793
4799
4861
4999
5011
5039
5051
5059
5099
5101
5107
5147
5233
5273
5297
5387
5413
5417
5507
5521
5639
5651
5653
5657
5701
5897
6151
6337
6607
6661
6689
6719
6779
6863
6959
6971
7019
7079
7129
7349
7561
7691
7699
7703
7723
7727
7741
7789
7817
7853
7877
7879
7901
7907
7949
8009
8069
8081
8087
8111
8117
8171
8191
8573
8623
8627
8663
8669
8681
8689
8713
8731
8753
8779
8803
8807
8821
8849
8861
8867
8887
8933
8951
9011
9013
9059
9091
9103
9109
9127
9161
9181
9239
9257
9293
9323
9341
9343
9413
9419
9431
9433
9437
9473
9479
9491
9497
9521
9587
9613
9631
9677
9679
9697
9721
9743
9749
9767
9769
9787
9811
9833
9839
9851
9857
9859
9901
9923
9929
9941
9949
9967
10037
10039
10079
10091
10093
10099
10103
10141
10163
10169
10181
10211
10253
10259
10271
10273
10301
10303
10321
10343
10369
10433
10453
10457
10459
10477
10499
10501
10529
10567
10589
10613
10631
10639
10651
10657
10691
10709
10723
10729
10781
10831
10837
10853
10859
10891
10903
10909
10949
11003
11027
11047
11069
11083
11087
11113
11117
11119
11131
11159
11171
11173
11177
11197
11243
11261
11287
11311
11317
11351
11353
11393
11399
11423
11443
11447
11467
11483
11489
11519
11551
11579
11593
11597
11621
11681
11717
11719
11731
12071
12347
12473
12491
12619
12671
12721
12763
12899
12923
13001
13009
13043
13049
13151
13171
13177
13241
13249
13267
13441
13577
13591
13681
13807
13829
13841
13883
13913
13931
13933
13997
13999
14011
14033
14051
14057
14071
14107
14143
14149
14251
14293
14303
14321
14323
14327
14341
14369
14431
14543
14639
14653
14699
14747
14783
14831
14851
14879
14891
14897
14923
14969
15061
15083
15131
15137
15139
15173
15193
15227
15241
15263
15269
15287
15313
15319
15331
15359
15373
15377
15391
15401
15427
15443
15461
15467
15511
15551
15601
15607
15629
15641
15643
15647
15661
15683
15731
15733
15737
15773
15791
15797
15803
15809
15823
15881
15887
15889
15913
15959
15971
16033
16057
16073
16091
16097
16103
16127
16231
16361
16411
16547
16561
16619
16633
16651
16699
16811
16903
16921
16943
16987
17027
17029
17041
17047
17137
17191
17203
17209
17317
17483
17573
17609
17713
17911
17939
17957
17959
17977
18013
18059
18077
18121
18127
18143
18149
18181
18211
18217
18233
18251
18253
18257
18301
18307
18329
18341
18413
18521
18587
18617
18701
18947
19001
19009
19081
19139
19157
19207
19289
19319
19333
19373
19379
19391
19403
19421
19423
19427
19441
19463
19469
19489
19531
19553
19559
19571
19577
19597
19603
19661
19687
19739
19751
19759
19777
19793
19801
19841
19867
19913
19919
19937
19973
19991
19993
20021
20023
20029
20047
20063
20089
20113
20117
20173
20177
20201
20249
20261
20269
20287
20333
20353
20357
20359
20393
20399
20407
20441
20443
20483
20533
20551
20593
20627
20641
20663
20681
20717
20719
20731
20753
20759
20771
20773
20807
20809
20849
20939
21019
21031
21059
21169
21491
21493
21503
21523
21529
21569
21961
22133
22229
22441
22447
22717
23017
23057
23071
23099
23297
23561
23563
23567
23581
23633
23671
23741
23743
23747
23761
23789
23813
23819
23831
23833
23873
23879
23899
23909
23981
24001
24007
24023
24029
24043
24049
24061
24083
24113
24133
24137
24151
24179
24197
24203
24223
24229
24247
24281
24317
24337
24359
24371
24373
24391
24407
24421
24443
24481
24517
24533
24551
24571
24593
24733
24809
24953
24971
24979
25033
25057
25097
25121
25127
25147
25163
25169
25183
25219
25237
25253
25301
25303
25307
25309
25321
25343
25349
25367
25411
25439
25453
25457
25471
25523
25541
25561
25583
25589
25633
25673
25679
25703
25741
25763
25903
25943
25969
26003
26021
26029
26041
26083
26111
26113
26119
26153
26171
26177
26203
26209
26227
26249
26261
26263
26267
26317
26339
26357
26371
26393
26399
26407
26423
26489
26513
26573
26591
26597
26627
26641
26669
26681
26687
26711
26713
26717
26731
26759
26777
26801
26821
26849
26861
26951
26959
26993
27011
27017
27031
27059
27073
27077
27091
27103
27107
27109
27127
27143
27211
27239
27253
27271
27299
27329
27361
27431
27437
27479
27509
27527
27541
27581
27611
27617
27631
27653
27697
27701
27743
27749
27767
27851
27893
27901
28151
28289
28603
28661
28687
28711
28867
29101
29231
29251
29327
29363
29387
29389
29411
29569
29587
29723
29741
29819
29837
29873
29921
29927
29947
29983
29989
30011
30013
30059
30071
30091
30097
30103
30109
30161
30169
30181
30187
30211
30253
30259
30271
30293
30307
30323
30341
30347
30367
30389
30431
30491
30493
30497
30509
30529
30631
30637
30671
30677
30703
30707
30781
30893
30983
31063
31069
31081
31139
31151
31153
31159
31177
31193
31223
31247
31249
31267
31319
31333
31337
31357
31379
31391
31393
31397
31469
31481
31511
31513
31517
31531
31573
31601
31607
31627
31643
31649
31663
31667
31751
31771
31793
31799
31847
31883
31973
31991
32051
32057
32059
32077
32099
32141
32143
32183
32189
32213
32233
32237
32251
32321
32381
32411
32413
32633
32653
32707
32783
32789
32831
32833
32909
32941
32969
32987
33023
33029
33049
33083
33113
33119
33151
33179
33191
33203
33223
33247
33287
33311
33317
33331
33353
33359
33377
33391
33403
33409
33427
33461
33533
33599
33601
33623
33629
33641
33647
33713
33751
33773
33791
33797
33809
33827
33863
33889
33911
33931
33997
34019
34031
34033
34039
34057
34123
34127
34129
34141
34147
34183
34211
34213
34217
34231
34253
34259
34273
34301
34303
34543
34631
34673
34679
34781
34871
34877
34897
34949
34961
35023
35027
35069
35081
35083
35111
35117
35153
35159
35171
35201
35221
35227
35267
35281
35311
35317
35407
35531
35533
35731
35753
35993
36017
36037
36161
36251
36299
36307
36497
36523
36563
36653
36671
36677
36697
36721
36749
36761
36767
36787
36833
36857
36923
37003
37021
37049
37061
37117
37171
37243
37313
37337
37379
37397
37409
37423
37441
37463
37489
37511
37517
37571
37579
37607
37643
37649
37847
37957
37991
37993
38011
38039
38053
38183
38189
38219
38231
38237
38273
38299
38303
38321
38327
38543
38567
38747
38749
38783
38873
38903
38921
39023
39041
39043
39047
39089
39113
39119
39133
39191
39199
39209
39227
39241
39313
39317
39359
39371
39397
39443
39461
39511
39551
39623
39667
39847
39883
39979
40087
40153
40241
40289
40483
40519
40531
40609
40771
40823
40829
40841
40973
41011
41017
41039
41051
41057
41077
41141
41143
41149
41161
41183
41189
41213
41231
41233
41257
41341
41381
41387
41411
41413
41453
41491
41507
41521
41617
41651
41761
41813
42023
42061
42083
42089
42223
42281
42337
42461
42533
42557
42571
42641
42643
42683
42689
42719
42737
42751
42773
42797
42821
42841
42863
42953
42979
43013
43051
43271
43291
43321
43411
43457
43543
43633
43651
43781
44041
44087
44111
44119
44131
44159
44171
44201
44203
44207
44221
44249
44263
44267
44281
44351
44357
44371
44483
44519
44531
44533
44537
44579
44621
44623
44641
44687
44711
44753
44771
44777
44797
44843
44867
44887
44939
44959
45013
45053
45077
45121
45127
45161
45181
45233
45293
45307
45329
45341
45343
45361
45389
45413
45433
45491
45497
45503
45523
45541
45569
45589
45707
45949
46061
46153
46601
47279
47819
47857
47947
48647
48649
48731
48757
48799
48809
48821
48847
48883
48889
48953
48973
48991
49019
49031
49033
49037
49103
49109
49121
49123
49169
49211
49253
49277
49279
49297
49307
49367
49369
49411
49433
49451
49459
49477
49523
49529
49547
49549
49613
49639
49727
49747
49783
49789
49811
49853
49871
49891
49927
49943
50033
50051
50053
50077
50093
50101
50123
50129
50147
50231
50291
50387
50417
50459
50503
50527
50543
50581
50651
50741
50789
50909
50923
50969
51047
51061
51137
51157
51203
51229
51241
51263
51283
51287
51407
51421
51427
51449
51481
51593
51647
51797
51913
51971
51977
52127
52183
52237
52361
52583
52631
52691
52709
52721
52727
52769
52813
52817
52859
52879
52901
52903
52967
53003
53047
53069
53087
53113
53117
53171
53173
53201
53267
53281
53353
53401
53407
53441
53551
53591
53597
53609
53623
53681
53717
53731
53759
53777
53849
53861
53887
53939
53951
53959
53993
54011
54013
54037
54059
54091
54101
54121
54163
54167
54181
54217
54251
54293
54323
54347
54361
54413
54419
54437
54497
54499
54503
54521
54541
54563
54581
54617
54631
54679
54721
54767
54983
55313
55331
55333
55337
55351
55373
55399
55441
55469
55487
55511
55579
55603
55621
55661
55667
55711
55733
55793
56299
56369
56417
56453
56543
56701
56873
57089
57119
57179
57487
57557
57713
57809
57991
58369
58657
58897
58901
58907
58909
58943
58963
59009
59021
59023
59063
59069
59113
59159
59197
59207
59221
59243
59333
59351
59357
59359
59377
59393
59467
59627
59629
59791
59863
59951
59971
59999
60029
60041
60083
60089
60133
60139
60209
60223
60317
60331
60337
60353
60373
60427
60443
60449
60539
60601
60607
60623
60647
60661
60689
60719
60733
60737
60773
60779
60821
60869
60887
60889
60913
60917
60953
61031
61051
61057
61091
61121
61129
61141
61169
61211
61231
61253
61291
61343
61363
61381
61417
61471
61493
61507
61543
61547
61561
61583
61613
61631
61637
61651
61673
61703
61723
61781
61813
61871
61879
61949
61987
62119
62131
62137
63103
63419
63527
63587
63659
63839
63857
64007
64063
64067
64399
64577
64937
65033
65053
65071
65099
65101
65123
65129
65141
65147
65183
65213
65309
65323
65327
65381
65413
65479
65497
65521
65633
65839
65899
65963
66083
66089
66137
66173
66179
66191
66221
66359
66377
66403
66449
66467
66533
66593
66601
66629
66683
66713
66739
66791
66809
66821
66863
66883
66889
66919
66973
67033
67073
67079
67103
67121
67141
67169
67181
67187
67189
67567
67619
67631
67699
67709
67763
67783
67789
67819
67853
67891
67901
67927
67943
67961
67987
68023
68041
68087
68111
68113
68171
68207
68261
68311
68351
68447
68449
68483
68531
68539
68683
69239
69257
69431
69491
69493
69691
69697
69761
70123
70163
70181
70183
70237
70271
70309
70321
70327
70381
70439
70451
70457
70501
70507
70529
70583
70589
70619
70709
70769
70853
70877
70879
70901
70921
70949
70969
71023
71069
71081
71119
71153
71171
71191
71209
71249
71261
71263
71317
71333
71339
71353
71399
71429
71443
71483
71537
71551
71597
71663
71711
71713
71777
71807
71821
71843
71849
71861
71867
71887
71933
71993
72019
72031
72053
72073
72077
72091
72101
72103
72109
72161
72167
72211
72251
72253
72271
72307
72341
72383
72431
72497
72503
72613
72617
72671
72679
72701
72707
72767
72859
72893
72901
72923
72949
73009
73043
73061
73063
73133
73597
73751
73757
73823
73847
73849
73867
73883
73939
73973
73999
74017
74051
74071
74093
74099
74101
74143
74161
74189
74219
74231
74279
74297
74323
74363
74381
74411
74413
74453
74471
74507
74521
74561
74567
74587
74611
74729
74747
74857
74891
74929
75029
75289
75401
75511
76031
76541
76631
76781
76943
77003
77171
77339
77351
77359
77377
77447
77513
77557
77573
77591
77621
77647
77681
77689
77711
77719
77773
77797
77801
77863
77933
77951
77977
77999
78017
78031
78059
78079
78101
78121
78167
78233
78259
78277
78301
78341
78347
78367
78437
78439
78509
78583
78653
78691
78697
78707
78781
78787
78853
78877
78941
78989
79043
79087
79111
79133
79139
79151
79159
79193
79201
79229
79241
79283
79319
79337
79357
79481
79601
79669
79687
79841
79889
79939
79979
79997
79999
80021
80111
80153
80173
80177
80191
80207
80209
80221
80263
80317
80513
80669
80779
81031
81071
81307
81527
81563
81569
81611
81929
81967
82003
82007
82009
82021
82067
82139
82153
82171
82193
82207
82223
82241
82261
82351
82373
82421
82463
82469
82487
82531
82559
82571
82601
82757
82759
82793
82847
82883
82913
82939
83071
83093
83101
83219
83231
83233
83273
83299
83341
83389
83417
83431
83471
83561
83857
83873
83983
84047
84061
84089
84131
84137
84179
84191
84199
84221
84223
84263
84313
84317
84377
84401
84407
84421
84443
84449
84467
84991
85361
85411
85439
86111
86269
86351
86423
86531
86539
86573
86599
86627
86629
86689
86711
86719
86753
86771
86843
86861
86869
86951
86959
87011
87013
87071
87103
87107
87121
87149
87187
87211
87251
87257
87277
87293
87323
87383
87473
87491
87509
87547
87583
87589
87671
87679
87691
87697
87701
87743
87833
87853
87877
87943
87961
88001
88003
88007
88069
88177
88223
88241
88337
88339
88427
88463
88591
88607
88609
88643
88661
88663
88681
88771
88799
88807
88843
88861
88867
88951
88993
88997
89051
89057
89101
89123
89213
89231
89237
89273
89293
89303
89329
89363
89381
89417
89491
89501
89527
89561
89563
89983
90011
90059
90073
90107
90121
90127
90149
90163
90217
90239
90271
90437
90473
90499
90523
90527
90617
90677
90787
90833
90901
90947
91283
91711
91823
91867
92107
92143
92189
92237
92369
92693
93719
93739
93809
93827
93889
93911
93937
93971
93979
93997
94033
94079
94099
94109
94121
94169
94253
94307
94321
94343
94349
94433
94439
94477
94529
94541
94547
94583
94613
94693
94709
94727
94747
94781
94789
94811
94819
94837
94873
94907
94961
95003
95009
95021
95027
95063
95087
95089
95111
95131
95153
95177
95203
95261
95267
95287
95311
95339
95393
95401
95429
95441
95467
95483
95531
95539
95603
95621
95629
95717
95737
95869
96017
96059
96079
96233
96259
96293
96323
96329
96419
96431
96457
96493
96527
96581
96589
96671
96697
96763
96769
96851
96907
97553
97931
98057
98101
98123
98129
98213
98257
98299
98327
98347
98389
98453
98473
98479
98491
98897
98947
99137
99173
99661
99689
99991
